Timesteps,Collisions,Steps Waited,Real-Time Elapsed
242,10,242,0.2815546989440918
252,9,252,0.22111797332763672
140,6,140,0.20303702354431152
476,5,476,0.24003314971923828
118,8,118,0.27054643630981445
245,8,245,0.2592308521270752
339,0,339,0.2150726318359375
256,17,256,0.24880743026733398
537,10,537,0.23349428176879883
577,4,577,0.3035457134246826
514,4,514,0.20578742027282715
283,14,283,0.3468036651611328
147,10,147,0.15551066398620605
339,13,339,0.20402812957763672
425,10,425,0.22855377197265625
47,1,47,0.25152587890625
329,9,329,0.16601920127868652
52,3,52,0.31633591651916504
681,18,681,0.18877530097961426
567,26,567,0.29140520095825195
248,5,248,0.1846606731414795
160,6,160,0.20660877227783203
375,12,375,0.2815432548522949
733,18,733,0.25806140899658203
94,0,94,0.24511289596557617
951,18,951,0.2475442886352539
554,12,554,0.2715327739715576
63,8,63,0.2556600570678711
117,12,117,0.25154709815979004
1025,19,1025,0.2815406322479248
1004,8,1004,0.18901562690734863
263,11,263,0.3123166561126709
550,8,550,0.25580739974975586
303,9,303,0.32259249687194824
266,7,266,0.25702571868896484
199,3,199,0.31154632568359375
346,5,346,0.19902420043945312
282,16,282,0.2220313549041748
71,1,71,0.16901946067810059
390,10,390,0.26555442810058594
37,1,37,0.2572448253631592
95,2,95,0.23263025283813477
299,15,299,0.2845265865325928
127,8,127,0.17687654495239258
372,8,372,0.26753997802734375
367,4,367,0.18702387809753418
1143,14,1143,0.16751718521118164
76,9,76,0.28603601455688477
67,4,67,0.15102458000183105
143,9,143,0.2117016315460205
104,4,104,0.18161797523498535
857,6,857,0.3160831928253174
84,0,84,0.139021635055542
128,7,128,0.1916337013244629
608,7,608,0.1926431655883789
977,7,977,0.37255001068115234
185,12,185,0.17251849174499512
50,0,50,0.17746806144714355
339,5,339,0.23051977157592773
1168,4,1168,0.23527884483337402
895,16,895,0.39715075492858887
287,13,287,0.24455046653747559
231,11,231,0.2590146064758301
1991,16,1991,0.27555108070373535
127,6,127,0.2895336151123047
367,15,367,0.20602774620056152
145,3,145,0.21458864212036133
78,1,78,0.31877589225769043
120,12,120,0.2460346221923828
320,16,320,0.24825358390808105
665,20,665,0.25704216957092285
204,14,204,0.34659695625305176
256,6,256,0.1485123634338379
216,5,216,0.2530965805053711
719,11,719,0.25504326820373535
1440,11,1440,0.33751583099365234
68,5,68,0.19857525825500488
425,10,425,0.23003506660461426
162,10,162,0.2945411205291748
590,6,590,0.25554895401000977
698,19,698,0.19803357124328613
146,5,146,0.20702838897705078
246,1,246,0.23526859283447266
113,11,113,0.18051719665527344
177,2,177,0.20952892303466797
131,2,131,0.21816539764404297
564,14,564,0.2874777317047119
127,12,127,0.20002126693725586
280,8,280,0.393052339553833
56,4,56,0.21402549743652344
747,10,747,0.20560550689697266
620,9,620,0.24053287506103516
100,3,100,0.25502753257751465
41,2,41,0.26703667640686035
340,7,340,0.2735459804534912
86,2,86,0.1790308952331543
857,4,857,0.20902276039123535
101,5,101,0.15651822090148926
227,19,227,0.24506402015686035
2890,15,2890,0.26653337478637695
450,27,450,0.3502354621887207
979,8,979,0.24554228782653809
70,1,70,0.26949167251586914
247,10,247,0.31315016746520996
69,4,69,0.24302268028259277
367,14,367,0.3450450897216797
1398,18,1398,0.2710390090942383
285,4,285,0.23502326011657715
1074,20,1074,0.3950505256652832
305,15,305,0.21851348876953125
463,7,463,0.2830524444580078
208,12,208,0.12550806999206543
1176,31,1176,0.36156725883483887
439,9,439,0.2585291862487793
167,7,167,0.15950942039489746
131,6,131,0.20906662940979004
212,10,212,0.23701763153076172
173,5,173,0.26053404808044434
407,17,407,0.3262460231781006
107,1,107,0.20357346534729004
223,17,223,0.1950211524963379
96,0,96,0.2190244197845459
229,3,229,0.26553916931152344
950,30,950,0.2745401859283447
286,12,286,0.19601964950561523
286,4,286,0.24202919006347656
375,4,375,0.2265310287475586
207,18,207,0.23844504356384277
67,3,67,0.21802306175231934
103,2,103,0.17532682418823242
165,5,165,0.36511707305908203
169,4,169,0.27204155921936035
570,5,570,0.23403382301330566
136,3,136,0.30154895782470703
591,8,591,0.2830827236175537
337,11,337,0.28445005416870117
56,0,56,0.2840874195098877
113,4,113,0.2661135196685791
972,24,972,0.2810356616973877
182,6,182,0.2655460834503174
247,20,247,0.17803359031677246
348,8,348,0.2624363899230957
465,14,465,0.22302651405334473
282,14,282,0.3559865951538086
722,8,722,0.21203017234802246
788,17,788,0.243025541305542
209,8,209,0.17107558250427246
120,3,120,0.16102337837219238
236,14,236,0.3170907497406006
416,9,416,0.2841157913208008
1112,21,1112,0.3950631618499756
400,6,400,0.1955881118774414
93,0,93,0.16271090507507324
529,9,529,0.21157407760620117
486,8,486,0.20702886581420898
452,6,452,0.15702342987060547
72,4,72,0.12350583076477051
494,20,494,0.20103025436401367
583,23,583,0.2865452766418457
251,9,251,0.19702959060668945
130,11,130,0.3110697269439697
101,6,101,0.4371833801269531
1294,6,1294,0.29028964042663574
642,8,642,0.22454071044921875
139,14,139,0.2080216407775879
649,19,649,0.2725543975830078
131,12,131,0.2810862064361572
121,14,121,0.25602221488952637
48,1,48,0.21202516555786133
846,18,846,0.20991897583007812
498,26,498,0.2706129550933838
255,16,255,0.24656105041503906
311,3,311,0.3940603733062744
513,11,513,0.2743556499481201
323,11,323,0.28750061988830566
1590,15,1590,0.2880377769470215
1117,7,1117,0.321183443069458
262,12,262,0.14561748504638672
316,14,316,0.3320600986480713
337,7,337,0.16451096534729004
68,4,68,0.15804123878479004
916,13,916,0.3446371555328369
120,8,120,0.3195505142211914
502,4,502,0.21702146530151367
145,2,145,0.24633145332336426
197,6,197,0.16875505447387695
769,4,769,0.2502431869506836
368,6,368,0.2335658073425293
505,13,505,0.19603538513183594
159,9,159,0.2200632095336914
406,2,406,0.306549072265625
274,11,274,0.2430253028869629
458,6,458,0.23254776000976562
107,6,107,0.17218875885009766
75,1,75,0.3324086666107178
68,1,68,0.16508054733276367
528,12,528,0.22702288627624512
1386,8,1386,0.38065218925476074
2498,17,2498,0.36956071853637695
180,8,180,0.2795989513397217
122,4,122,0.24753642082214355
194,19,194,0.2130272388458252
1507,23,1507,0.31678009033203125
171,11,171,0.3170433044433594
175,3,175,0.3005514144897461
103,0,103,0.2640407085418701
291,7,291,0.35404443740844727
586,5,586,0.2670614719390869
153,9,153,0.23002886772155762
388,9,388,0.2060232162475586
440,1,440,0.20297765731811523
94,2,94,0.1650252342224121
112,10,112,0.2815368175506592
229,12,229,0.2050175666809082
413,13,413,0.2440335750579834
812,11,812,0.22553181648254395
252,2,252,0.12651824951171875
227,19,227,0.2735438346862793
217,4,217,0.23402047157287598
700,1,700,0.25278592109680176
63,3,63,0.23011493682861328
144,3,144,0.3035435676574707
1485,13,1485,0.2595400810241699
450,19,450,0.28653478622436523
482,7,482,0.1920311450958252
661,7,661,0.24884891510009766
395,21,395,0.1485154628753662
120,10,120,0.250546932220459
1025,7,1025,0.22318744659423828
60,6,60,0.2166118621826172
684,5,684,0.18059992790222168
396,12,396,0.2380366325378418
180,23,180,0.2785327434539795
2531,14,2531,0.31804418563842773
230,9,230,0.21960043907165527
98,8,98,0.3315420150756836
278,5,278,0.2056751251220703
86,12,86,0.20104503631591797
416,7,416,0.2815437316894531
640,6,640,0.1870272159576416
69,9,69,0.2405564785003662
1118,5,1118,0.24703073501586914
54,0,54,0.20003318786621094
92,3,92,0.1660304069519043
234,5,234,0.21335101127624512
185,5,185,0.1680293083190918
408,3,408,0.17402362823486328
142,18,142,0.25020456314086914
298,8,298,0.20502328872680664
682,6,682,0.16306281089782715
255,4,255,0.17402958869934082
701,10,701,0.2715437412261963
101,12,101,0.2895348072052002
530,14,530,0.20001721382141113
295,8,295,0.330547571182251
1362,4,1362,0.27454328536987305
45,1,45,0.21168851852416992
373,24,373,0.23402881622314453
333,15,333,0.30054259300231934
558,7,558,0.30555152893066406
113,6,113,0.22601938247680664
132,3,132,0.23503351211547852
150,5,150,0.22855567932128906
268,16,268,0.3335258960723877
639,10,639,0.17830491065979004
151,6,151,0.28753185272216797
64,1,64,0.2210254669189453
381,15,381,0.2655339241027832
300,6,300,0.28754520416259766
1236,14,1236,0.26553773880004883
558,5,558,0.22402548789978027
398,30,398,0.2520315647125244
46,0,46,0.184983491897583
117,4,117,0.24269437789916992
137,3,137,0.2905447483062744
243,11,243,0.15750980377197266
834,3,834,0.17202067375183105
308,7,308,0.2925431728363037
194,4,194,0.1225137710571289
674,14,674,0.26402950286865234
64,1,64,0.2120215892791748
134,3,134,0.19703125953674316
899,12,899,0.29956650733947754
791,10,791,0.2785301208496094
137,6,137,0.17702722549438477
289,11,289,0.23954272270202637
884,10,884,0.18551874160766602
987,6,987,0.22402715682983398
120,1,120,0.18603253364562988
269,2,269,0.22401976585388184
104,6,104,0.2835359573364258
180,14,180,0.2398977279663086
161,3,161,0.24409723281860352
1026,14,1026,0.24602818489074707
524,11,524,0.20853304862976074
68,4,68,0.21601414680480957
407,23,407,0.161513090133667
214,10,214,0.23501920700073242
178,17,178,0.1720278263092041
527,7,527,0.17751669883728027
173,13,173,0.3301270008087158
259,10,259,0.21988272666931152
192,3,192,0.18002676963806152
478,12,478,0.18102455139160156
50,4,50,0.23502063751220703
363,17,363,0.34867334365844727
560,6,560,0.2450246810913086
353,17,353,0.243544340133667
43,4,43,0.23803377151489258
375,11,375,0.2291712760925293
441,7,441,0.24405479431152344
202,4,202,0.17903470993041992
79,2,79,0.19202899932861328
783,15,783,0.2991023063659668
185,17,185,0.23554682731628418
68,9,68,0.225050687789917
406,19,406,0.25803112983703613
276,4,276,0.30254244804382324
398,8,398,0.2419579029083252
36,0,36,0.2361137866973877
734,9,734,0.27353525161743164
667,15,667,0.28254079818725586
193,7,193,0.18302679061889648
50,5,50,0.2010195255279541
71,4,71,0.22800207138061523
376,12,376,0.24753189086914062
229,17,229,0.2470402717590332
454,4,454,0.20970535278320312
86,2,86,0.2518341541290283
519,7,519,0.26854372024536133
526,12,526,0.21802353858947754
376,2,376,0.1760399341583252
52,6,52,0.23402643203735352
288,12,288,0.15902280807495117
708,9,708,0.15403008460998535
1526,8,1526,0.20903301239013672
191,26,191,0.21002483367919922
110,17,110,0.28004884719848633
50,6,50,0.22513175010681152
175,6,175,0.2863774299621582
307,18,307,0.17795133590698242
40,0,40,0.15602850914001465
570,7,570,0.24202823638916016
542,11,542,0.3375537395477295
468,13,468,0.17451739311218262
50,0,50,0.2525339126586914
482,6,482,0.16155672073364258
677,8,677,0.28342580795288086
123,8,123,0.1845111846923828
89,5,89,0.22653460502624512
239,12,239,0.21003007888793945
146,24,146,0.20902705192565918
35,0,35,0.1375119686126709
145,10,145,0.2345421314239502
737,4,737,0.19402337074279785
146,3,146,0.18401455879211426
227,13,227,0.15050601959228516
278,7,278,0.3725473880767822
1135,15,1135,0.25154781341552734
564,10,564,0.2720341682434082
629,12,629,0.16350913047790527
684,3,684,0.22057533264160156
2174,13,2174,0.3061809539794922
115,9,115,0.16951799392700195
171,14,171,0.304537296295166
129,14,129,0.2279810905456543
127,5,127,0.26962924003601074
434,20,434,0.29204845428466797
745,12,745,0.2596735954284668
92,6,92,0.2740650177001953
174,5,174,0.18858027458190918
216,18,216,0.2895381450653076
177,5,177,0.21361970901489258
383,7,383,0.27210116386413574
152,7,152,0.26901865005493164
724,15,724,0.3975832462310791
31,2,31,0.18802094459533691
293,5,293,0.19855999946594238
200,2,200,0.2820777893066406
110,9,110,0.32453370094299316
320,13,320,0.3205387592315674
67,2,67,0.20410609245300293
263,8,263,0.1866893768310547
86,12,86,0.25752973556518555
99,4,99,0.2505757808685303
504,21,504,0.26201677322387695
553,3,553,0.22503328323364258
229,8,229,0.21001744270324707
1139,19,1139,0.37354612350463867
109,10,109,0.21502184867858887
754,6,754,0.29186177253723145
156,7,156,0.22358083724975586
930,15,930,0.2765536308288574
445,9,445,0.27425241470336914
112,27,112,0.20603728294372559
540,11,540,0.2630295753479004
750,5,750,0.13002538681030273
151,11,151,0.21802496910095215
714,9,714,0.34677863121032715
94,0,94,0.3052384853363037
467,15,467,0.18802785873413086
172,6,172,0.1415090560913086
331,3,331,0.18901944160461426
70,16,70,0.2190241813659668
790,13,790,0.2405376434326172
69,4,69,0.13451123237609863
133,2,133,0.2451152801513672
224,2,224,0.247039794921875
414,8,414,0.2536940574645996
664,7,664,0.21813011169433594
314,9,314,0.2551612854003906
441,15,441,0.30907225608825684
181,13,181,0.24502062797546387
1024,17,1024,0.2725350856781006
155,6,155,0.22803235054016113
204,1,204,0.1285085678100586
848,25,848,0.27754712104797363
825,10,825,0.28351354598999023
992,8,992,0.22802734375
288,10,288,0.3495361804962158
273,6,273,0.2975292205810547
198,9,198,0.19902849197387695
336,2,336,0.2380199432373047
131,3,131,0.1930229663848877
1479,11,1479,0.21987652778625488
444,34,444,0.2215404510498047
1147,5,1147,0.15943264961242676
68,7,68,0.19203805923461914
122,8,122,0.15602970123291016
125,3,125,0.1930227279663086
1103,16,1103,0.22402691841125488
173,7,173,0.20791339874267578
227,13,227,0.3280448913574219
38,5,38,0.2660231590270996
365,9,365,0.24831891059875488
459,14,459,0.197343111038208
51,3,51,0.20610690116882324
256,26,256,0.25952720642089844
341,18,341,0.2490248680114746
425,1,425,0.32206082344055176
426,20,426,0.20301580429077148
629,27,629,0.27902841567993164
829,11,829,0.19151592254638672
1012,11,1012,0.2880392074584961
194,11,194,0.22543907165527344
1062,3,1062,0.21259665489196777
85,4,85,0.3650510311126709
115,3,115,0.2170252799987793
534,19,534,0.2590305805206299
260,8,260,0.21801543235778809
82,6,82,0.14750933647155762
345,18,345,0.20402979850769043
321,12,321,0.19902801513671875
255,7,255,0.31882810592651367
134,12,134,0.23902559280395508
102,9,102,0.15202736854553223
1430,17,1430,0.2620258331298828
234,10,234,0.2040238380432129
44,4,44,0.17852187156677246
282,17,282,0.28053855895996094
192,8,192,0.16702842712402344
276,15,276,0.19304656982421875
353,17,353,0.25002336502075195
1198,22,1198,0.28839993476867676
295,5,295,0.27642107009887695
178,20,178,0.22454071044921875
1026,11,1026,0.28954458236694336
438,10,438,0.23462152481079102
128,14,128,0.13707542419433594
159,9,159,0.14102697372436523
466,9,466,0.2640693187713623
409,6,409,0.2070302963256836
246,23,246,0.32039475440979004
66,10,66,0.20303010940551758
121,8,121,0.13651490211486816
151,9,151,0.2467057704925537
655,8,655,0.239030122756958
450,3,450,0.20703506469726562
128,8,128,0.19101977348327637
215,11,215,0.2520275115966797
43,0,43,0.14902210235595703
353,16,353,0.2883477210998535
468,14,468,0.2755725383758545
693,18,693,0.22553205490112305
174,12,174,0.13051104545593262
854,7,854,0.1950242519378662
90,1,90,0.1360175609588623
180,10,180,0.23994183540344238
1426,12,1426,0.24403119087219238
560,10,560,0.3370821475982666
292,6,292,0.21102023124694824
155,8,155,0.35611724853515625
176,3,176,0.2700321674346924
400,11,400,0.2250232696533203
165,8,165,0.18902277946472168
589,11,589,0.27153706550598145
266,4,266,0.17722558975219727
455,17,455,0.30604052543640137
1076,15,1076,0.3223135471343994
435,11,435,0.25352954864501953
1000,13,1000,0.224534273147583
1074,12,1074,0.23502755165100098
114,7,114,0.19902944564819336
110,8,110,0.2285447120666504
370,1,370,0.2210228443145752
636,20,636,0.19103026390075684
379,13,379,0.34053778648376465
444,20,444,0.2110295295715332
221,2,221,0.23566102981567383
714,4,714,0.20386409759521484
370,5,370,0.2260267734527588
66,10,66,0.1750319004058838
91,1,91,0.18403124809265137
472,5,472,0.4129176139831543
161,8,161,0.3208754062652588
523,25,523,0.26057934761047363
179,17,179,0.1871185302734375
951,1,951,0.21928143501281738
45,0,45,0.296536922454834
539,5,539,0.16602253913879395
322,8,322,0.18202996253967285
147,6,147,0.2585427761077881
324,5,324,0.19073176383972168
214,5,214,0.3015406131744385
356,9,356,0.2580397129058838
330,10,330,0.3150293827056885
776,13,776,0.20545196533203125
435,4,435,0.21408772468566895
195,10,195,0.18103504180908203
569,17,569,0.2955331802368164
156,8,156,0.3045487403869629
318,13,318,0.2640678882598877
515,8,515,0.15602612495422363
529,8,529,0.23806405067443848
640,17,640,0.30536913871765137
505,6,505,0.2085566520690918
449,8,449,0.2603025436401367
155,5,155,0.23603200912475586
623,16,623,0.225020170211792
541,7,541,0.2851216793060303
408,12,408,0.22303414344787598
77,9,77,0.3195497989654541
247,7,247,0.18202733993530273
273,8,273,0.28255653381347656
260,8,260,0.27303171157836914
1181,8,1181,0.28954648971557617
524,12,524,0.2445366382598877
200,9,200,0.16152024269104004
661,4,661,0.2740318775177002
198,6,198,0.22106075286865234
809,6,809,0.23785781860351562
250,6,250,0.1570301055908203
172,16,172,0.1753087043762207
47,1,47,0.27423620223999023
297,9,297,0.1460275650024414
145,13,145,0.18103408813476562
842,9,842,0.21302294731140137
84,6,84,0.21802639961242676
104,3,104,0.2180182933807373
79,15,79,0.2270653247833252
271,15,271,0.2540285587310791
161,18,161,0.1630394458770752
177,4,177,0.1698899269104004
320,10,320,0.2940793037414551
225,16,225,0.3195304870605469
142,2,142,0.4740290641784668
38,2,38,0.25202131271362305
138,0,138,0.206024169921875
141,13,141,0.21903657913208008
266,11,266,0.27782297134399414
974,18,974,0.19417500495910645
210,12,210,0.3165428638458252
227,11,227,0.2565498352050781
934,23,934,0.2659263610839844
182,4,182,0.24910783767700195
994,2,994,0.21102476119995117
1159,17,1159,0.18702483177185059
151,4,151,0.3165409564971924
176,4,176,0.16083145141601562
376,9,376,0.2740609645843506
319,1,319,0.24102997779846191
799,10,799,0.23603582382202148
551,14,551,0.2150406837463379
606,11,606,0.3110237121582031
94,0,94,0.26357150077819824
245,10,245,0.24794435501098633
332,13,332,0.1810293197631836
335,8,335,0.19420623779296875
507,4,507,0.21703243255615234
101,3,101,0.19202852249145508
225,7,225,0.3610546588897705
343,9,343,0.2040269374847412
606,9,606,0.23803377151489258
297,8,297,0.16102385520935059
1244,22,1244,0.3035409450531006
76,3,76,0.16902661323547363
1057,8,1057,0.2664062976837158
254,6,254,0.2700212001800537
160,9,160,0.17402029037475586
279,5,279,0.22553610801696777
149,2,149,0.23802399635314941
1077,17,1077,0.2138233184814453
584,8,584,0.3115382194519043
229,13,229,0.22947955131530762
166,5,166,0.281536340713501
178,6,178,0.19391250610351562
728,16,728,0.2670586109161377
452,13,452,0.18702459335327148
81,3,81,0.26954054832458496
158,15,158,0.24807286262512207
96,2,96,0.29154300689697266
1305,7,1305,0.28803586959838867
28,0,28,0.2460308074951172
98,6,98,0.1914832592010498
749,12,749,0.23409700393676758
1296,16,1296,0.229536771774292
137,8,137,0.32006359100341797
729,17,729,0.2725558280944824
337,3,337,0.20201826095581055
1144,9,1144,0.39898157119750977
257,4,257,0.15203022956848145
485,10,485,0.2430257797241211
156,9,156,0.17203688621520996
81,10,81,0.1925210952758789
385,3,385,0.20202898979187012
480,17,480,0.2020280361175537
574,4,574,0.18802857398986816
324,13,324,0.2190239429473877
362,12,362,0.28954529762268066
42,0,42,0.18802452087402344
444,7,444,0.25931215286254883
112,5,112,0.32623839378356934
96,6,96,0.2061455249786377
646,4,646,0.25705599784851074
346,13,346,0.24303483963012695
131,10,131,0.41005706787109375
582,15,582,0.2075347900390625
281,10,281,0.33054304122924805
796,16,796,0.23602914810180664
167,10,167,0.22878050804138184
188,3,188,0.29308509826660156
138,9,138,0.22554779052734375
251,18,251,0.14110779762268066
153,9,153,0.17902159690856934
43,8,43,0.23433232307434082
926,15,926,0.3050556182861328
170,15,170,0.2640719413757324
144,3,144,0.24652957916259766
50,4,50,0.20706486701965332
143,3,143,0.1851041316986084
987,17,987,0.4240601062774658
262,15,262,0.23603034019470215
355,18,355,0.19103097915649414
308,11,308,0.15252423286437988
807,18,807,0.28608226776123047
188,1,188,0.20185065269470215
90,2,90,0.21353363990783691
94,13,94,0.2375349998474121
1000,15,1000,0.20678329467773438
177,15,177,0.2660994529724121
311,8,311,0.2745480537414551
360,3,360,0.2765505313873291
160,19,160,0.2450242042541504
1109,13,1109,0.2925422191619873
345,27,345,0.14855241775512695
965,8,965,0.33853840827941895
98,7,98,0.14529871940612793
245,7,245,0.1685171127319336
279,17,279,0.26055288314819336
436,14,436,0.2715427875518799
246,7,246,0.1565239429473877
96,5,96,0.2570209503173828
1435,17,1435,0.3750579357147217
285,6,285,0.24704408645629883
1121,13,1121,0.2895328998565674
173,6,173,0.15109467506408691
601,21,601,0.2782104015350342
217,5,217,0.17003726959228516
162,9,162,0.17052054405212402
608,8,608,0.16402459144592285
66,7,66,0.22493577003479004
375,10,375,0.3229546546936035
104,7,104,0.2000293731689453
194,8,194,0.14751172065734863
1175,9,1175,0.3154411315917969
600,13,600,0.22957897186279297
322,3,322,0.23002910614013672
1020,12,1020,0.2090320587158203
142,5,142,0.19559645652770996
193,5,193,0.24753904342651367
276,10,276,0.264538049697876
540,16,540,0.19302964210510254
240,9,240,0.2600281238555908
132,5,132,0.27391815185546875
213,13,213,0.2043895721435547
1216,5,1216,0.24325895309448242
195,12,195,0.2125415802001953
238,13,238,0.23102378845214844
369,18,369,0.26300907135009766
403,11,403,0.20054912567138672
109,1,109,0.3527960777282715
69,1,69,0.26708316802978516
567,8,567,0.2595806121826172
952,18,952,0.2950127124786377
230,2,230,0.17759203910827637
354,6,354,0.16402745246887207
477,9,477,0.39905691146850586
325,13,325,0.22002673149108887
443,18,443,0.2425694465637207
628,9,628,0.28140854835510254
186,19,186,0.2076718807220459
223,5,223,0.26512789726257324
450,11,450,0.26600050926208496
187,0,187,0.21202540397644043
293,14,293,0.17603778839111328
473,15,473,0.2532002925872803
64,6,64,0.17051005363464355
568,19,568,0.25455546379089355
147,12,147,0.24654650688171387
205,6,205,0.3124213218688965
556,8,556,0.23058629035949707
181,3,181,0.33565664291381836
65,2,65,0.1820974349975586
323,8,323,0.16901946067810059
173,11,173,0.3956034183502197
352,17,352,0.1940290927886963
305,8,305,0.26354217529296875
276,10,276,0.24470067024230957
475,10,475,0.30295586585998535
204,6,204,0.1715106964111328
232,23,232,0.18203115463256836
148,2,148,0.1235189437866211
335,3,335,0.2780334949493408
892,19,892,0.250091552734375
399,7,399,0.2320244312286377
68,1,68,0.13002443313598633
1110,6,1110,0.20086050033569336
127,17,127,0.26388120651245117
548,13,548,0.2316906452178955
426,13,426,0.18903326988220215
101,5,101,0.32753944396972656
107,7,107,0.21773338317871094
64,8,64,0.1785435676574707
1135,15,1135,0.2190399169921875
155,17,155,0.18963146209716797
766,20,766,0.26714086532592773
389,9,389,0.19403934478759766
370,12,370,0.1997065544128418
182,8,182,0.24409222602844238
978,9,978,0.20702290534973145
441,7,441,0.22304773330688477
414,11,414,0.23309564590454102
367,6,367,0.1525132656097412
735,23,735,0.25952625274658203
413,8,413,0.23702383041381836
469,9,469,0.19903111457824707
230,10,230,0.26584815979003906
369,7,369,0.20810818672180176
317,10,317,0.18180251121520996
696,20,696,0.43405604362487793
735,12,735,0.2981083393096924
97,5,97,0.20259308815002441
766,11,766,0.3920574188232422
220,1,220,0.2508809566497803
638,11,638,0.17195916175842285
57,13,57,0.20109772682189941
208,10,208,0.25754427909851074
52,7,52,0.12151193618774414
568,13,568,0.2955436706542969
677,11,677,0.32854270935058594
281,4,281,0.17702412605285645
140,14,140,0.1800367832183838
79,5,79,0.24003076553344727
684,5,684,0.2709190845489502
336,19,336,0.17458724975585938
765,13,765,0.20103120803833008
875,13,875,0.19202661514282227
318,10,318,0.21202635765075684
419,4,419,0.25853657722473145
445,9,445,0.19778943061828613
428,15,428,0.23602986335754395
323,1,323,0.1960163116455078
645,2,645,0.16353631019592285
758,8,758,0.26908206939697266
291,4,291,0.29344797134399414
1149,12,1149,0.2655339241027832
346,8,346,0.28203415870666504
60,2,60,0.16202831268310547
777,5,777,0.43857431411743164
202,12,202,0.21202540397644043
233,15,233,0.19704270362854004
46,0,46,0.14434337615966797
39,0,39,0.21474075317382812
522,14,522,0.1700575351715088
767,10,767,0.15957331657409668
322,6,322,0.23702073097229004
385,9,385,0.22752666473388672
157,0,157,0.15551352500915527
265,2,265,0.17801642417907715
610,6,610,0.26654672622680664
356,5,356,0.20602154731750488
407,20,407,0.29754638671875
132,14,132,0.2527496814727783
117,1,117,0.10686492919921875
89,8,89,0.23902559280395508
115,12,115,0.21102452278137207
189,10,189,0.26354098320007324
113,11,113,0.26453709602355957
122,5,122,0.2250199317932129
285,10,285,0.1900315284729004
387,13,387,0.2695484161376953
213,11,213,0.2671375274658203
204,19,204,0.3706076145172119
514,15,514,0.15902137756347656
327,8,327,0.24403142929077148
149,0,149,0.2590303421020508
295,6,295,0.2545478343963623
462,6,462,0.18202543258666992
378,9,378,0.2190241813659668
326,10,326,0.17304086685180664
51,4,51,0.17151856422424316
874,21,874,0.33585667610168457
738,13,738,0.267549991607666
857,9,857,0.15651965141296387
201,0,201,0.35005855560302734
969,1,969,0.23059844970703125
174,5,174,0.2625300884246826
317,6,317,0.20002436637878418
533,8,533,0.2975351810455322
185,27,185,0.26518988609313965
224,5,224,0.24802708625793457
193,13,193,0.20401883125305176
147,9,147,0.19002103805541992
362,11,362,0.26352763175964355
123,7,123,0.1670238971710205
698,16,698,0.3375511169433594
279,16,279,0.20403075218200684
281,11,281,0.280195951461792
864,11,864,0.18512463569641113
824,3,824,0.263167142868042
463,18,463,0.27905917167663574
316,2,316,0.28164005279541016
186,9,186,0.17751216888427734
284,5,284,0.350064754486084
86,6,86,0.24404215812683105
666,10,666,0.21129107475280762
86,5,86,0.2234361171722412
623,15,623,0.2523219585418701
572,15,572,0.2800254821777344
101,9,101,0.25154995918273926
890,13,890,0.29255247116088867
239,5,239,0.21502923965454102
988,11,988,0.23959088325500488
607,19,607,0.2905449867248535
729,15,729,0.3189241886138916
50,0,50,0.21756696701049805
638,11,638,0.2930762767791748
35,1,35,0.26854491233825684
115,5,115,0.23103809356689453
175,8,175,0.3637535572052002
332,12,332,0.1495218276977539
426,7,426,0.2825436592102051
209,11,209,0.22141194343566895
497,18,497,0.22915053367614746
430,12,430,0.26653337478637695
1535,16,1535,0.32053685188293457
85,8,85,0.1325221061706543
614,13,614,0.2210979461669922
997,18,997,0.29754638671875
169,1,169,0.23502540588378906
1575,18,1575,0.31744980812072754
431,12,431,0.19498062133789062
1071,5,1071,0.31507086753845215
546,4,546,0.316542387008667
87,6,87,0.2170271873474121
134,8,134,0.2280268669128418
435,8,435,0.25553369522094727
447,14,447,0.17603111267089844
183,7,183,0.26402807235717773
436,10,436,0.24675226211547852
562,6,562,0.1660914421081543
184,2,184,0.25202488899230957
108,0,108,0.24555492401123047
153,1,153,0.20956182479858398
384,16,384,0.20602822303771973
345,4,345,0.3015425205230713
1166,9,1166,0.21402740478515625
136,3,136,0.21304583549499512
436,9,436,0.20902419090270996
869,2,869,0.21790218353271484
113,7,113,0.2190227508544922
333,5,333,0.28153157234191895
161,3,161,0.1879124641418457
466,14,466,0.2300398349761963
340,14,340,0.17001628875732422
127,0,127,0.2375345230102539
1824,2,1824,0.25302696228027344
293,8,293,0.23153972625732422
50,2,50,0.1665666103363037
462,18,462,0.24340605735778809
330,21,330,0.1930220127105713
391,6,391,0.22001957893371582
136,2,136,0.23002338409423828
633,21,633,0.24254465103149414
157,12,157,0.23802995681762695
431,7,431,0.1940152645111084
684,26,684,0.2961108684539795
611,6,611,0.2737557888031006
123,2,123,0.285656213760376
354,6,354,0.29753589630126953
77,6,77,0.22268176078796387
501,17,501,0.2535402774810791
376,13,376,0.30077147483825684
110,8,110,0.21301937103271484
231,11,231,0.19861435890197754
405,11,405,0.14801907539367676
320,17,320,0.19521546363830566
98,5,98,0.26664042472839355
187,13,187,0.32004332542419434
434,6,434,0.2660989761352539
801,20,801,0.2560262680053711
174,4,174,0.19302606582641602
323,4,323,0.29708170890808105
493,10,493,0.2939009666442871
436,6,436,0.3360142707824707
930,19,930,0.2190401554107666
356,18,356,0.24502110481262207
242,8,242,0.21859216690063477
562,5,562,0.27909159660339355
634,12,634,0.2705819606781006
535,8,535,0.22210955619812012
188,6,188,0.18102359771728516
800,26,800,0.25864624977111816
471,7,471,0.17395877838134766
435,16,435,0.30283045768737793
184,12,184,0.19202375411987305
132,3,132,0.23502779006958008
337,12,337,0.2902247905731201
732,21,732,0.30304384231567383
942,6,942,0.23412466049194336
301,12,301,0.23403525352478027
92,1,92,0.2871882915496826
527,25,527,0.2250814437866211
94,4,94,0.21103119850158691
252,15,252,0.19601798057556152
175,4,175,0.19902420043945312
487,7,487,0.2510359287261963
490,9,490,0.2020275592803955
98,0,98,0.2050323486328125
374,11,374,0.22902965545654297
962,13,962,0.24202513694763184
44,2,44,0.2528846263885498
73,5,73,0.3255336284637451
916,14,916,0.22654318809509277
558,11,558,0.30454492568969727
827,11,827,0.16703295707702637
105,16,105,0.20803451538085938
882,6,882,0.20702052116394043
147,11,147,0.19403576850891113
1206,11,1206,0.36025214195251465
170,4,170,0.16463446617126465
617,19,617,0.2925376892089844
38,1,38,0.23554182052612305
170,1,170,0.3255434036254883
84,2,84,0.22002601623535156
317,4,317,0.20902705192565918
376,3,376,0.2585439682006836
197,2,197,0.23203229904174805
209,9,209,0.27237725257873535
696,15,696,0.27754950523376465
319,19,319,0.33054280281066895
80,0,80,0.31805872917175293
411,16,411,0.1465132236480713
46,8,46,0.2686316967010498
153,7,153,0.19402360916137695
841,15,841,0.26854610443115234
590,10,590,0.2903127670288086
356,0,356,0.2540316581726074
633,15,633,0.24854111671447754
172,9,172,0.22402429580688477
666,13,666,0.22904109954833984
595,6,595,0.2393484115600586
495,21,495,0.2415449619293213
245,7,245,0.24714136123657227
612,7,612,0.30768918991088867
337,6,337,0.19577693939208984
173,4,173,0.2217400074005127
1487,16,1487,0.3410506248474121
459,13,459,0.18002033233642578
55,3,55,0.16951632499694824
111,7,111,0.2965407371520996
481,7,481,0.16402387619018555
265,15,265,0.21402287483215332
198,15,198,0.17402005195617676
179,1,179,0.15120148658752441
331,10,331,0.1985623836517334
903,20,903,0.21902918815612793
1088,12,1088,0.334550142288208
731,17,731,0.2685279846191406
937,5,937,0.23453474044799805
143,24,143,0.2310340404510498
425,9,425,0.1930241584777832
268,11,268,0.21002602577209473
290,15,290,0.21202921867370605
69,3,69,0.17657136917114258
128,3,128,0.24854230880737305
785,13,785,0.2360210418701172
191,10,191,0.21402525901794434
739,7,739,0.22254252433776855
54,7,54,0.2450258731842041
1039,14,1039,0.36804819107055664
71,10,71,0.31453537940979004
1171,11,1171,0.18692970275878906
126,6,126,0.27806711196899414
736,8,736,0.198028564453125
846,3,846,0.24603748321533203
620,2,620,0.22626876831054688
1029,15,1029,0.2660408020019531
478,10,478,0.20853471755981445
612,14,612,0.31954288482666016
48,4,48,0.22803735733032227
442,20,442,0.1953296661376953
193,15,193,0.24347925186157227
484,23,484,0.22001957893371582
908,6,908,0.1910257339477539
833,11,833,0.2236039638519287
733,8,733,0.2275238037109375
89,12,89,0.32854199409484863
1195,15,1195,0.25752902030944824
534,13,534,0.20502638816833496
67,10,67,0.2553257942199707
501,18,501,0.20103073120117188
138,0,138,0.2646138668060303
1101,23,1101,0.19102048873901367
248,12,248,0.22904109954833984
262,9,262,0.2750575542449951
116,5,116,0.27452898025512695
198,1,198,0.15563178062438965
329,5,329,0.20103049278259277
1441,7,1441,0.2224419116973877
317,13,317,0.256070613861084
251,12,251,0.25002336502075195
292,4,292,0.29154157638549805
273,8,273,0.23555588722229004
197,2,197,0.2560241222381592
357,9,357,0.3690829277038574
243,13,243,0.19703412055969238
358,14,358,0.20196104049682617
190,16,190,0.22313737869262695
149,9,149,0.20831942558288574
100,5,100,0.2490239143371582
232,7,232,0.3285524845123291
82,4,82,0.2095339298248291
904,13,904,0.22101807594299316
354,6,354,0.28254055976867676
491,14,491,0.2230238914489746
419,15,419,0.3097054958343506
553,21,553,0.2415468692779541
524,14,524,0.2020275592803955
336,11,336,0.25803446769714355
724,5,724,0.19902873039245605
138,8,138,0.268021821975708
430,16,430,0.21603631973266602
30,0,30,0.25054240226745605
58,0,58,0.3520634174346924
310,14,310,0.3891122341156006
238,15,238,0.4060497283935547
267,13,267,0.14551162719726562
472,9,472,0.3050968647003174
113,10,113,0.21204376220703125
579,8,579,0.16132140159606934
223,14,223,0.25254344940185547
426,11,426,0.19768381118774414
1048,18,1048,0.2859671115875244
71,2,71,0.19859838485717773
127,4,127,0.1980297565460205
941,16,941,0.29129528999328613
185,9,185,0.2710990905761719
452,11,452,0.1926131248474121
382,8,382,0.2060236930847168
686,7,686,0.18903112411499023
41,7,41,0.32964420318603516
221,6,221,0.256638765335083
184,16,184,0.3075401782989502
71,0,71,0.21202969551086426
405,8,405,0.17502593994140625
258,11,258,0.16451501846313477
692,16,692,0.23803043365478516
683,15,683,0.26554346084594727
624,12,624,0.19202470779418945
672,17,672,0.19502902030944824
392,11,392,0.16872024536132812
200,5,200,0.26308226585388184
101,8,101,0.33354854583740234
82,8,82,0.29203152656555176
152,4,152,0.14250779151916504
459,13,459,0.2575540542602539
262,7,262,0.25202202796936035
109,5,109,0.2565298080444336
459,12,459,0.39493727684020996
640,7,640,0.2975494861602783
89,13,89,0.25403475761413574
2043,23,2043,0.3245675563812256
162,9,162,0.23702430725097656
1874,22,1874,0.320554256439209
354,8,354,0.23656749725341797
113,4,113,0.2896401882171631
1324,3,1324,0.33168506622314453
55,5,55,0.22855329513549805
420,10,420,0.334545373916626
562,8,562,0.1888284683227539
1820,14,1820,0.20403027534484863
166,4,166,0.26253294944763184
743,9,743,0.3740537166595459
1189,5,1189,0.25065183639526367
408,5,408,0.1936202049255371
421,20,421,0.1650247573852539
213,10,213,0.2360243797302246
109,9,109,0.2375326156616211
303,3,303,0.1850266456604004
60,4,60,0.18602657318115234
103,12,103,0.19602322578430176
379,7,379,0.3065516948699951
342,14,342,0.2520253658294678
113,9,113,0.17082428932189941
76,2,76,0.18256568908691406
329,12,329,0.35105347633361816
390,6,390,0.22202539443969727
124,4,124,0.2290174961090088
1202,8,1202,0.33504605293273926
231,4,231,0.2380361557006836
325,12,325,0.20360040664672852
105,3,105,0.2707860469818115
123,16,123,0.2877340316772461
360,7,360,0.24003243446350098
286,8,286,0.18201565742492676
893,6,893,0.30036211013793945
918,13,918,0.20302915573120117
192,1,192,0.17603158950805664
113,10,113,0.1640305519104004
129,14,129,0.1245121955871582
388,8,388,0.24852466583251953
250,10,250,0.2041468620300293
548,5,548,0.2431488037109375
154,5,154,0.25954484939575195
339,17,339,0.1800222396850586
228,6,228,0.1990206241607666
487,7,487,0.22302651405334473
492,10,492,0.2790849208831787
39,1,39,0.16902971267700195
855,13,855,0.27553844451904297
553,18,553,0.2604176998138428
124,7,124,0.1909477710723877
473,3,473,0.3448300361633301
585,26,585,0.3263587951660156
282,10,282,0.22461652755737305
195,8,195,0.2430262565612793
385,8,385,0.224029541015625
369,19,369,0.24354124069213867
163,11,163,0.19403481483459473
632,13,632,0.3164486885070801
316,4,316,0.23503661155700684
125,10,125,0.2000269889831543
406,13,406,0.20676755905151367
322,6,322,0.24902105331420898
163,11,163,0.27008605003356934
148,8,148,0.22601795196533203
387,17,387,0.22811269760131836
645,9,645,0.19203710556030273
89,16,89,0.20650029182434082
393,9,393,0.20056939125061035
171,4,171,0.21901750564575195
1379,5,1379,0.30854082107543945
1100,6,1100,0.20601868629455566
535,10,535,0.2805337905883789
257,9,257,0.21581101417541504
171,7,171,0.14857053756713867
485,15,485,0.19559264183044434
749,2,749,0.3016493320465088
66,10,66,0.2691974639892578
489,31,489,0.2560241222381592
172,12,172,0.2780303955078125
161,6,161,0.21753430366516113
398,2,398,0.21755361557006836
86,11,86,0.3075828552246094
543,7,543,0.21902132034301758
860,10,860,0.28206634521484375
109,2,109,0.1945655345916748
192,9,192,0.1550273895263672
396,19,396,0.2110295295715332
134,7,134,0.23203277587890625
429,6,429,0.34404706954956055
291,23,291,0.2540283203125
145,1,145,0.27052736282348633
328,16,328,0.17572355270385742
393,14,393,0.23203468322753906
125,5,125,0.14501357078552246
188,11,188,0.16557025909423828
381,11,381,0.18604493141174316
334,9,334,0.2259509563446045
272,8,272,0.18503093719482422
540,3,540,0.2725503444671631
1341,11,1341,0.28056788444519043
484,14,484,0.11602163314819336
45,1,45,0.27202653884887695
169,5,169,0.2665228843688965
234,2,234,0.20725536346435547
96,6,96,0.2655370235443115
176,9,176,0.12749695777893066
85,9,85,0.27252745628356934
1015,16,1015,0.2455425262451172
147,3,147,0.14651083946228027
139,6,139,0.227247953414917
314,11,314,0.27101802825927734
906,10,906,0.2740957736968994
1033,10,1033,0.21840929985046387
417,16,417,0.18657994270324707
887,21,887,0.2725353240966797
36,0,36,0.26354360580444336
606,10,606,0.2220146656036377
1064,17,1064,0.24253630638122559
503,15,503,0.2316148281097412
697,10,697,0.24003171920776367
300,16,300,0.3884696960449219
142,7,142,0.23660826683044434
194,7,194,0.2380232810974121
1284,31,1284,0.2875480651855469
796,30,796,0.2535359859466553
485,18,485,0.2490229606628418
90,2,90,0.2605407238006592
82,4,82,0.21302366256713867
612,11,612,0.13602161407470703
269,6,269,0.20401883125305176
129,4,129,0.1871809959411621
53,8,53,0.3104534149169922
540,10,540,0.1645207405090332
81,1,81,0.22403240203857422
212,10,212,0.23502326011657715
330,7,330,0.23353838920593262
1200,8,1200,0.2625548839569092
795,8,795,0.3025357723236084
452,9,452,0.20398736000061035
304,6,304,0.2950143814086914
847,3,847,0.2746410369873047
167,4,167,0.2295386791229248
114,9,114,0.2892038822174072
297,12,297,0.21701812744140625
176,8,176,0.17003226280212402
629,11,629,0.14216184616088867
1071,21,1071,0.3440415859222412
350,13,350,0.3259239196777344
126,4,126,0.28653740882873535
67,4,67,0.18802714347839355
294,14,294,0.2229478359222412
209,1,209,0.3500549793243408
541,24,541,0.20102429389953613
806,1,806,0.21903586387634277
858,13,858,0.20202064514160156
130,12,130,0.21602392196655273
58,4,58,0.1858217716217041
206,21,206,0.24814200401306152
1104,16,1104,0.3445463180541992
61,12,61,0.17003083229064941
322,12,322,0.3320629596710205
168,14,168,0.28139376640319824
563,12,563,0.2825441360473633
608,13,608,0.2915477752685547
185,14,185,0.15434575080871582
226,8,226,0.23056435585021973
405,8,405,0.2020280361175537
84,8,84,0.26253342628479004
450,3,450,0.402864933013916
774,17,774,0.26954030990600586
1121,19,1121,0.3834860324859619
595,15,595,0.30161619186401367
198,2,198,0.195328950881958
271,17,271,0.2698512077331543
370,12,370,0.3370480537414551
1038,13,1038,0.21702861785888672
525,9,525,0.21703290939331055
138,12,138,0.27652835845947266
393,6,393,0.24453949928283691
1282,9,1282,0.3525362014770508
170,3,170,0.3526325225830078
75,3,75,0.1710207462310791
440,13,440,0.19003057479858398
49,6,49,0.23630475997924805
143,12,143,0.28581762313842773
278,22,278,0.2755317687988281
1176,14,1176,0.23703837394714355
484,15,484,0.22076201438903809
130,14,130,0.20260953903198242
84,2,84,0.1666262149810791
261,17,261,0.26781678199768066
947,7,947,0.2605454921722412
132,20,132,0.30753636360168457
167,6,167,0.1990375518798828
175,12,175,0.18002939224243164
606,14,606,0.34453678131103516
208,4,208,0.20274090766906738
388,15,388,0.2753329277038574
285,8,285,0.19502687454223633
71,6,71,0.16352200508117676
386,11,386,0.23303008079528809
378,10,378,0.15502309799194336
257,12,257,0.18102812767028809
134,3,134,0.31956052780151367
488,6,488,0.3500480651855469
292,3,292,0.17751359939575195
440,5,440,0.18701720237731934
171,11,171,0.17516589164733887
116,9,116,0.1948397159576416
371,8,371,0.22103142738342285
218,7,218,0.25553011894226074
487,8,487,0.23904180526733398
324,2,324,0.2520320415496826
250,8,250,0.1850261688232422
47,6,47,0.1365203857421875
60,6,60,0.1950228214263916
135,6,135,0.3082585334777832
172,6,172,0.205125093460083
539,20,539,0.378049373626709
205,0,205,0.23202729225158691
518,13,518,0.27353596687316895
553,16,553,0.19457054138183594
894,9,894,0.20102286338806152
383,18,383,0.33853912353515625
59,2,59,0.19302725791931152
56,3,56,0.1789090633392334
323,2,323,0.21458029747009277
55,1,55,0.1950230598449707
608,11,608,0.21602725982666016
274,6,274,0.2115631103515625
166,2,166,0.18802881240844727
63,6,63,0.2610287666320801
87,1,87,0.17102670669555664
149,9,149,0.2350294589996338
512,13,512,0.3045535087585449
400,6,400,0.2624952793121338
213,2,213,0.2545347213745117
58,2,58,0.11650395393371582
167,2,167,0.23752808570861816
239,6,239,0.1785287857055664
220,4,220,0.12902593612670898
431,4,431,0.22502994537353516
194,6,194,0.28954172134399414
36,0,36,0.22504091262817383
335,6,335,0.2725181579589844
441,7,441,0.20266199111938477
134,9,134,0.26130127906799316
194,11,194,0.3455374240875244
36,6,36,0.19103050231933594
62,1,62,0.224534273147583
1082,30,1082,0.268038272857666
438,6,438,0.20398688316345215
107,6,107,0.34055399894714355
1152,10,1152,0.2815663814544678
118,6,118,0.2379920482635498
706,9,706,0.32105350494384766
73,15,73,0.18624138832092285
528,6,528,0.18851447105407715
737,2,737,0.1595158576965332
149,7,149,0.14502692222595215
409,14,409,0.21503114700317383
206,12,206,0.24103379249572754
89,4,89,0.23702621459960938
61,1,61,0.27707505226135254
104,1,104,0.29755282402038574
121,9,121,0.16752004623413086
610,5,610,0.24654245376586914
142,7,142,0.2490253448486328
389,15,389,0.2610328197479248
168,5,168,0.24562287330627441
307,8,307,0.18305277824401855
662,17,662,0.21059036254882812
39,0,39,0.15205144882202148
218,12,218,0.14503192901611328
691,14,691,0.1800229549407959
767,24,767,0.3315470218658447
474,21,474,0.2385413646697998
1782,16,1782,0.3565354347229004
348,2,348,0.2595388889312744
120,2,120,0.30353474617004395
480,14,480,0.24010634422302246
284,7,284,0.22653436660766602
1204,4,1204,0.3244643211364746
146,5,146,0.3375422954559326
69,5,69,0.15302228927612305
541,14,541,0.2170243263244629
329,4,329,0.2130270004272461
85,8,85,0.35454535484313965
378,13,378,0.2646946907043457
127,3,127,0.22203421592712402
441,12,441,0.29453444480895996
231,26,231,0.21502900123596191
272,8,272,0.21403765678405762
408,9,408,0.24158096313476562
195,7,195,0.31487560272216797
348,6,348,0.19102859497070312
39,1,39,0.27779722213745117
96,7,96,0.1470639705657959
246,20,246,0.17652297019958496
124,3,124,0.3376169204711914
159,5,159,0.15952706336975098
410,8,410,0.22202014923095703
484,6,484,0.3135509490966797
260,8,260,0.22103118896484375
39,1,39,0.26255249977111816
140,5,140,0.18903565406799316
208,6,208,0.17056965827941895
504,1,504,0.2675893306732178
527,9,527,0.25354743003845215
239,17,239,0.20503807067871094
92,6,92,0.26409244537353516
440,2,440,0.1910257339477539
639,7,639,0.21703052520751953
138,5,138,0.19202518463134766
725,3,725,0.38206911087036133
544,6,544,0.2827165126800537
137,5,137,0.22302889823913574
319,5,319,0.28754568099975586
1536,21,1536,0.3035459518432617
211,6,211,0.2530982494354248
609,20,609,0.3255345821380615
223,5,223,0.3665945529937744
82,11,82,0.1831662654876709
200,12,200,0.2986268997192383
230,3,230,0.2070302963256836
186,9,186,0.33254218101501465
334,8,334,0.27054572105407715
115,5,115,0.2903017997741699
38,2,38,0.1990203857421875
305,28,305,0.26255011558532715
67,4,67,0.1710360050201416
984,19,984,0.20249223709106445
137,7,137,0.22603178024291992
454,4,454,0.2140212059020996
541,12,541,0.22804832458496094
467,5,467,0.24103546142578125
470,11,470,0.3019096851348877
74,0,74,0.1800246238708496
931,8,931,0.3010900020599365
183,10,183,0.15902495384216309
230,4,230,0.22401666641235352
750,8,750,0.2595376968383789
535,11,535,0.25202035903930664
104,5,104,0.3231048583984375
129,8,129,0.25803065299987793
221,12,221,0.20202231407165527
631,24,631,0.18053197860717773
235,7,235,0.2550685405731201
1094,17,1094,0.17658615112304688
201,8,201,0.19263362884521484
403,9,403,0.27202653884887695
301,16,301,0.24152612686157227
222,10,222,0.27509284019470215
45,5,45,0.1665172576904297
337,5,337,0.23706698417663574
695,7,695,0.2560245990753174
630,19,630,0.18002700805664062
78,0,78,0.2510995864868164
1351,20,1351,0.337094783782959
274,10,274,0.13201904296875
355,13,355,0.23902487754821777
488,9,488,0.2525343894958496
376,19,376,0.18403100967407227
67,3,67,0.22401857376098633
221,17,221,0.27155327796936035
58,10,58,0.20603060722351074
1043,25,1043,0.2780911922454834
235,20,235,0.2620995044708252
74,13,74,0.26007080078125
704,17,704,0.2755444049835205
730,4,730,0.22602272033691406
1681,13,1681,0.23553895950317383
434,8,434,0.24760150909423828
402,21,402,0.24653840065002441
328,15,328,0.24102520942687988
1095,10,1095,0.319685697555542
535,9,535,0.2911062240600586
195,3,195,0.17002034187316895
844,7,844,0.2185378074645996
275,11,275,0.26354002952575684
533,6,533,0.2110307216644287
276,8,276,0.18802237510681152
85,5,85,0.3560504913330078
403,10,403,0.25278615951538086
190,12,190,0.2847480773925781
102,1,102,0.19101953506469727
529,12,529,0.21954941749572754
200,7,200,0.24503207206726074
65,0,65,0.19204044342041016
720,7,720,0.22255682945251465
166,4,166,0.23353362083435059
76,4,76,0.2410292625427246
253,8,253,0.24254941940307617
123,4,123,0.15740513801574707
440,4,440,0.20212435722351074
99,9,99,0.2020270824432373
312,17,312,0.3065531253814697
1161,9,1161,0.28855443000793457
127,8,127,0.30007052421569824
117,5,117,0.17608022689819336
449,13,449,0.2606377601623535
495,16,495,0.31238389015197754
173,6,173,0.20632219314575195
221,3,221,0.29856324195861816
244,0,244,0.1945202350616455
150,11,150,0.19603824615478516
112,5,112,0.29454755783081055
225,2,225,0.29353928565979004
325,23,325,0.361539363861084
574,8,574,0.25054359436035156
437,14,437,0.31938982009887695
480,7,480,0.19502902030944824
284,11,284,0.2505481243133545
659,7,659,0.2090282440185547
189,13,189,0.2540280818939209
333,8,333,0.14302754402160645
108,7,108,0.24903631210327148
187,17,187,0.2235395908355713
379,17,379,0.22801852226257324
897,19,897,0.4083695411682129
128,4,128,0.26454997062683105
1538,8,1538,0.28053927421569824
229,11,229,0.18302488327026367
1302,4,1302,0.23658967018127441
84,2,84,0.17962288856506348
60,2,60,0.23402690887451172
376,7,376,0.17902421951293945
705,6,705,0.16062545776367188
72,8,72,0.21534299850463867
33,0,33,0.282529354095459
133,7,133,0.347048282623291
611,19,611,0.3671092987060547
188,17,188,0.21602344512939453
462,15,462,0.2710278034210205
1346,7,1346,0.20862174034118652
89,5,89,0.20003318786621094
631,6,631,0.2911221981048584
771,10,771,0.2680375576019287
202,15,202,0.21303415298461914
336,2,336,0.16802215576171875
195,12,195,0.15403532981872559
871,4,871,0.20702505111694336
88,14,88,0.27654123306274414
377,17,377,0.24701809883117676
648,10,648,0.23753976821899414
186,18,186,0.26260805130004883
228,13,228,0.18457794189453125
172,11,172,0.23032402992248535
908,14,908,0.23602509498596191
37,2,37,0.24753570556640625
290,7,290,0.22502350807189941
376,12,376,0.1750168800354004
1194,11,1194,0.23156118392944336
702,8,702,0.2613193988800049
502,1,502,0.1535046100616455
312,15,312,0.29372406005859375
160,21,160,0.2585315704345703
103,8,103,0.19159626960754395
673,10,673,0.3255484104156494
127,13,127,0.16402339935302734
105,8,105,0.19202065467834473
211,3,211,0.24403882026672363
965,6,965,0.20957183837890625
124,2,124,0.18304085731506348
168,9,168,0.17338991165161133
151,9,151,0.32503414154052734
1032,15,1032,0.24354314804077148
741,14,741,0.2575390338897705
447,13,447,0.28154921531677246
873,9,873,0.25388646125793457
112,17,112,0.2685420513153076
118,18,118,0.18981313705444336
36,1,36,0.1899547576904297
218,1,218,0.23401260375976562
413,17,413,0.1977524757385254
85,2,85,0.20753741264343262
78,3,78,0.24003052711486816
406,14,406,0.19701719284057617
408,15,408,0.32011866569519043
277,8,277,0.16701841354370117
1545,6,1545,0.24117064476013184
704,17,704,0.3074309825897217
606,10,606,0.1805708408355713
469,15,469,0.17951345443725586
125,2,125,0.20201897621154785
200,3,200,0.238023042678833
407,14,407,0.285327672958374
1057,7,1057,0.18001937866210938
211,13,211,0.3051903247833252
856,15,856,0.2220609188079834
123,5,123,0.14455056190490723
694,10,694,0.23673343658447266
197,8,197,0.1930866241455078
880,10,880,0.21654319763183594
429,7,429,0.1368579864501953
110,3,110,0.23103857040405273
869,4,869,0.32253146171569824
246,14,246,0.22854065895080566
144,10,144,0.17251825332641602
175,12,175,0.2666440010070801
232,5,232,0.21670293807983398
1239,18,1239,0.24722743034362793
40,0,40,0.2335503101348877
1031,18,1031,0.2871236801147461
349,6,349,0.28917908668518066
458,7,458,0.19103169441223145
167,2,167,0.1580209732055664
1385,18,1385,0.2440347671508789
208,2,208,0.17151951789855957
155,1,155,0.25454187393188477
436,5,436,0.17238783836364746
116,3,116,0.22114872932434082
339,6,339,0.2200307846069336
261,8,261,0.3460533618927002
291,7,291,0.17802715301513672
148,11,148,0.25407838821411133
299,10,299,0.1920313835144043
222,8,222,0.1585404872894287
520,23,520,0.21103930473327637
397,4,397,0.2575497627258301
270,14,270,0.23648691177368164
237,7,237,0.18503665924072266
661,13,661,0.19758129119873047
219,19,219,0.3055243492126465
63,6,63,0.3162353038787842
554,15,554,0.1660311222076416
43,8,43,0.15102767944335938
749,9,749,0.21502685546875
436,3,436,0.2924153804779053
825,13,825,0.23793315887451172
477,12,477,0.274214506149292
367,9,367,0.27553892135620117
126,6,126,0.2821033000946045
114,7,114,0.21602845191955566
874,7,874,0.17802977561950684
177,16,177,0.27553772926330566
60,7,60,0.2955434322357178
665,12,665,0.21746325492858887
651,0,651,0.3181619644165039
461,8,461,0.2270371913909912
132,11,132,0.18451309204101562
292,12,292,0.2635378837585449
101,1,101,0.29354166984558105
148,11,148,0.3520545959472656
232,5,232,0.25102853775024414
60,4,60,0.20201349258422852
668,24,668,0.26357483863830566
165,2,165,0.19501471519470215
267,9,267,0.29154324531555176
235,4,235,0.23602604866027832
1438,22,1438,0.24452710151672363
219,2,219,0.18501496315002441
138,16,138,0.2885444164276123
374,2,374,0.2010209560394287
547,20,547,0.23891830444335938
196,5,196,0.3291349411010742
236,17,236,0.3235330581665039
988,4,988,0.21302580833435059
618,9,618,0.235548734664917
113,1,113,0.1845078468322754
565,3,565,0.14051032066345215
103,4,103,0.2460310459136963
506,4,506,0.1904916763305664
1664,14,1664,0.2795100212097168
710,13,710,0.22812342643737793
170,9,170,0.29653477668762207
127,2,127,0.21402812004089355
192,18,192,0.3375363349914551
536,21,536,0.29015278816223145
211,12,211,0.23754143714904785
164,12,164,0.19902253150939941
1094,9,1094,0.23701715469360352
227,4,227,0.21286749839782715
521,9,521,0.2515397071838379
414,17,414,0.24503731727600098
597,6,597,0.17951369285583496
263,14,263,0.24553155899047852
169,8,169,0.21854805946350098
442,26,442,0.21003341674804688
528,15,528,0.24154090881347656
413,18,413,0.2668285369873047
214,13,214,0.1986846923828125
613,16,613,0.3825373649597168
450,8,450,0.2565274238586426
752,12,752,0.24853730201721191
299,12,299,0.16051506996154785
358,15,358,0.3200414180755615
423,1,423,0.26401734352111816
216,9,216,0.20203280448913574
831,5,831,0.3085346221923828
226,3,226,0.2620246410369873
334,3,334,0.1610274314880371
669,12,669,0.2348496913909912
144,2,144,0.19603395462036133
357,6,357,0.23253417015075684
445,9,445,0.2630319595336914
255,4,255,0.23031854629516602
625,16,625,0.209014892578125
530,10,530,0.18225526809692383
98,18,98,0.21910452842712402
565,10,565,0.24103260040283203
65,5,65,0.31004977226257324
619,12,619,0.28302645683288574
602,8,602,0.1615123748779297
387,9,387,0.1700272560119629
450,5,450,0.23603534698486328
1295,8,1295,0.36957764625549316
260,13,260,0.22467422485351562
368,6,368,0.15601897239685059
66,2,66,0.25953173637390137
308,3,308,0.29903388023376465
156,5,156,0.2086188793182373
293,12,293,0.35605406761169434
413,23,413,0.23902034759521484
1528,9,1528,0.20595884323120117
162,7,162,0.2315969467163086
109,2,109,0.3614943027496338
154,11,154,0.20201969146728516
786,6,786,0.27852845191955566
504,22,504,0.26453638076782227
222,4,222,0.12701916694641113
274,9,274,0.19502735137939453
376,7,376,0.22353911399841309
474,4,474,0.2010207176208496
603,14,603,0.32894444465637207
377,8,377,0.30213284492492676
198,10,198,0.20902395248413086
418,19,418,0.19002866744995117
308,12,308,0.27060437202453613
375,23,375,0.2895927429199219
60,6,60,0.14551854133605957
144,3,144,0.1669313907623291
448,14,448,0.18756675720214844
842,5,842,0.20302534103393555
179,14,179,0.29314589500427246
209,4,209,0.22754240036010742
339,15,339,0.2515096664428711
264,11,264,0.15702462196350098
447,6,447,0.19902968406677246
389,9,389,0.2725391387939453
589,16,589,0.2360372543334961
726,15,726,0.22402167320251465
257,9,257,0.10451841354370117
525,10,525,0.19602394104003906
131,20,131,0.1735835075378418
1300,3,1300,0.2554144859313965
357,8,357,0.1475222110748291
1082,14,1082,0.2295362949371338
478,4,478,0.2815413475036621
382,8,382,0.2700309753417969
76,9,76,0.2563498020172119
104,10,104,0.21303391456604004
279,10,279,0.18103671073913574
262,13,262,0.23218417167663574
367,14,367,0.2941415309906006
587,11,587,0.2940232753753662
248,6,248,0.20102500915527344
113,9,113,0.2925398349761963
1848,3,1848,0.2540278434753418
346,14,346,0.2080221176147461
163,8,163,0.19202113151550293
1003,14,1003,0.2715334892272949
1155,14,1155,0.2209489345550537
821,8,821,0.19702816009521484
241,0,241,0.23453521728515625
226,15,226,0.2620401382446289
386,22,386,0.25502920150756836
154,4,154,0.28294849395751953
237,12,237,0.28433752059936523
165,10,165,0.20803475379943848
304,12,304,0.37396836280822754
1399,14,1399,0.31554460525512695
477,6,477,0.1910266876220703
597,16,597,0.2695486545562744
125,8,125,0.2735438346862793
161,12,161,0.2077171802520752
143,12,143,0.35855531692504883
683,16,683,0.21854686737060547
846,10,846,0.39281487464904785
48,3,48,0.1725156307220459
1020,14,1020,0.2755317687988281
995,17,995,0.4020721912384033
62,2,62,0.16102170944213867
331,13,331,0.22471904754638672
450,6,450,0.17102670669555664
717,16,717,0.3235452175140381
47,2,47,0.30117344856262207
59,3,59,0.2650337219238281
252,12,252,0.2010176181793213
114,21,114,0.17302322387695312
76,2,76,0.25125622749328613
316,8,316,0.21502327919006348
837,11,837,0.22103476524353027
483,13,483,0.29054856300354004
1071,17,1071,0.32354164123535156
241,14,241,0.19577908515930176
539,12,539,0.19903182983398438
469,5,469,0.2730424404144287
231,10,231,0.32115840911865234
708,16,708,0.17151522636413574
80,6,80,0.38478755950927734
646,16,646,0.23254728317260742
1147,7,1147,0.2120208740234375
613,28,613,0.27207469940185547
683,14,683,0.2816150188446045
102,5,102,0.2230539321899414
442,2,442,0.14151763916015625
89,1,89,0.2160320281982422
427,6,427,0.19050884246826172
586,4,586,0.16952252388000488
176,9,176,0.22003722190856934
438,10,438,0.18851518630981445
1097,22,1097,0.28353452682495117
379,4,379,0.20715761184692383
864,20,864,0.27155256271362305
253,9,253,0.1590280532836914
270,19,270,0.2605478763580322
66,13,66,0.2300281524658203
57,6,57,0.19303584098815918
205,13,205,0.2460310459136963
447,8,447,0.19202280044555664
434,17,434,0.23354578018188477
280,24,280,0.152510404586792
284,8,284,0.2587764263153076
536,6,536,0.21903276443481445
369,11,369,0.2995443344116211
348,19,348,0.18402528762817383
346,9,346,0.2761845588684082
120,13,120,0.3940744400024414
168,4,168,0.2090303897857666
1883,7,1883,0.30355262756347656
373,5,373,0.3349936008453369
616,4,616,0.2620224952697754
114,4,114,0.2675356864929199
449,13,449,0.28053808212280273
361,17,361,0.1940314769744873
383,13,383,0.30954980850219727
501,4,501,0.23454761505126953
476,8,476,0.274627685546875
354,14,354,0.28261637687683105
863,6,863,0.21352767944335938
778,7,778,0.27202463150024414
710,6,710,0.22154021263122559
40,5,40,0.20002245903015137
66,12,66,0.28853368759155273
238,5,238,0.279033899307251
102,7,102,0.2630350589752197
122,8,122,0.17603468894958496
57,2,57,0.236602783203125
154,12,154,0.21431350708007812
1206,6,1206,0.2100210189819336
103,15,103,0.12950944900512695
654,12,654,0.3285367488861084
546,15,546,0.3255431652069092
349,21,349,0.21603155136108398
148,5,148,0.2743840217590332
48,0,48,0.1806786060333252
519,10,519,0.26160287857055664
495,13,495,0.3610515594482422
418,8,418,0.20357441902160645
967,11,967,0.32955098152160645
249,2,249,0.31254076957702637
1153,18,1153,0.29754018783569336
259,7,259,0.18901753425598145
161,7,161,0.16695523262023926
88,1,88,0.23512554168701172
76,2,76,0.19902563095092773
886,13,886,0.25003504753112793
118,8,118,0.19858193397521973
244,10,244,0.27202653884887695
329,10,329,0.15902423858642578
532,10,532,0.209031343460083
126,6,126,0.2220139503479004
142,9,142,0.2060236930847168
234,12,234,0.2985966205596924
464,11,464,0.2560298442840576
469,6,469,0.1680164337158203
938,11,938,0.25489377975463867
57,5,57,0.26660656929016113
1122,11,1122,0.24907565116882324
82,5,82,0.23802423477172852
177,9,177,0.1980283260345459
614,10,614,0.23653650283813477
161,0,161,0.18712759017944336
421,6,421,0.25902366638183594
413,10,413,0.23353838920593262
320,6,320,0.2540431022644043
448,9,448,0.24654579162597656
417,9,417,0.1730349063873291
128,11,128,0.31354713439941406
771,11,771,0.24503493309020996
111,4,111,0.3133413791656494
186,10,186,0.17968201637268066
900,5,900,0.24854254722595215
386,4,386,0.26953577995300293
116,4,116,0.1685187816619873
186,6,186,0.2000281810760498
675,13,675,0.3505394458770752
433,9,433,0.15703320503234863
205,7,205,0.2210230827331543
80,2,80,0.2476181983947754
158,7,158,0.3436119556427002
166,6,166,0.20201873779296875
934,15,934,0.25653672218322754
623,16,623,0.22759580612182617
414,7,414,0.14889979362487793
773,10,773,0.2965421676635742
768,18,768,0.2590341567993164
185,1,185,0.18903112411499023
426,5,426,0.1440291404724121
327,14,327,0.26535487174987793
345,8,345,0.28303050994873047
299,4,299,0.21453642845153809
90,3,90,0.17751312255859375
712,13,712,0.2755296230316162
103,2,103,0.17002201080322266
454,10,454,0.22802424430847168
373,22,373,0.25753188133239746
185,9,185,0.208021879196167
143,2,143,0.20679044723510742
34,3,34,0.16589689254760742
146,7,146,0.23403191566467285
360,11,360,0.15502619743347168
149,12,149,0.20302248001098633
257,9,257,0.17902255058288574
260,12,260,0.22601985931396484
98,6,98,0.2551548480987549
100,0,100,0.1810472011566162
211,4,211,0.1635141372680664
1269,29,1269,0.36330580711364746
607,12,607,0.24754619598388672
378,10,378,0.24203109741210938
35,0,35,0.2000272274017334
60,6,60,0.18401813507080078
107,12,107,0.25853919982910156
593,10,593,0.20401978492736816
667,20,667,0.27854084968566895
128,9,128,0.21701860427856445
360,5,360,0.27226948738098145
320,10,320,0.15550947189331055
176,5,176,0.20902609825134277
694,6,694,0.2459735870361328
555,17,555,0.24652671813964844
112,5,112,0.20203852653503418
534,11,534,0.22160720825195312
214,6,214,0.2020270824432373
476,3,476,0.21402645111083984
111,7,111,0.19403338432312012
353,14,353,0.2537877559661865
184,1,184,0.25103306770324707
600,19,600,0.21201658248901367
251,8,251,0.17551183700561523
48,2,48,0.18456268310546875
591,19,591,0.2020266056060791
75,3,75,0.15502262115478516
171,5,171,0.19103598594665527
125,7,125,0.17902183532714844
319,11,319,0.15150976181030273
122,10,122,0.17535710334777832
1257,16,1257,0.24629640579223633
570,13,570,0.2520270347595215
205,5,205,0.24753904342651367
1008,9,1008,0.3615453243255615
58,5,58,0.15951228141784668
732,17,732,0.17955493927001953
106,8,106,0.2735321521759033
261,4,261,0.23602843284606934
322,10,322,0.2563354969024658
458,10,458,0.20755386352539062
1094,33,1094,0.2695331573486328
155,4,155,0.15251493453979492
100,11,100,0.2375333309173584
38,1,38,0.2030315399169922
212,2,212,0.18202590942382812
547,5,547,0.1990206241607666
45,1,45,0.1365194320678711
100,7,100,0.31654953956604004
54,0,54,0.22381091117858887
961,17,961,0.245574951171875
96,8,96,0.1887824535369873
85,5,85,0.21602916717529297
1063,5,1063,0.310208797454834
452,13,452,0.2940824031829834
434,11,434,0.180525541305542
36,2,36,0.3061552047729492
188,17,188,0.287214994430542
62,0,62,0.3095855712890625
254,10,254,0.2865407466888428
235,12,235,0.30053138732910156
247,9,247,0.19402098655700684
111,9,111,0.16437220573425293
133,3,133,0.3081674575805664
1349,12,1349,0.20856571197509766
408,13,408,0.27511167526245117
876,11,876,0.2784245014190674
207,6,207,0.25652551651000977
1005,16,1005,0.3340623378753662
28,0,28,0.23159265518188477
460,2,460,0.24003243446350098
743,19,743,0.27254486083984375
66,5,66,0.24811935424804688
462,10,462,0.32964062690734863
193,11,193,0.28818821907043457
555,11,555,0.21925616264343262
271,5,271,0.25015711784362793
252,5,252,0.21703219413757324
731,12,731,0.2555427551269531
1679,9,1679,0.15951204299926758
276,9,276,0.2575383186340332
124,3,124,0.20104050636291504
239,16,239,0.18403005599975586
998,6,998,0.28162479400634766
281,4,281,0.23703384399414062
440,21,440,0.23853063583374023
101,13,101,0.29484057426452637
83,8,83,0.2680399417877197
1179,15,1179,0.33206629753112793
97,1,97,0.17203235626220703
648,9,648,0.36819958686828613
93,10,93,0.2575211524963379
256,5,256,0.2230217456817627
203,5,203,0.17402434349060059
587,17,587,0.24553823471069336
188,12,188,0.2670459747314453
79,16,79,0.24954891204833984
777,19,777,0.24303984642028809
958,12,958,0.23603320121765137
1038,18,1038,0.2904486656188965
393,8,393,0.18218088150024414
750,32,750,0.25202012062072754
708,18,708,0.22353696823120117
263,7,263,0.20002174377441406
86,2,86,0.3133256435394287
96,9,96,0.27553892135620117
381,12,381,0.2030191421508789
202,7,202,0.12450575828552246
62,3,62,0.14603614807128906
158,35,158,0.2125568389892578
783,12,783,0.18258094787597656
117,2,117,0.13850140571594238
1039,11,1039,0.2933037281036377
683,15,683,0.25314855575561523
178,2,178,0.28453850746154785
90,2,90,0.2080240249633789
859,7,859,0.20203709602355957
71,5,71,0.23903179168701172
115,13,115,0.2366657257080078
1854,13,1854,0.370821475982666
82,1,82,0.4136364459991455
126,4,126,0.2568953037261963
297,10,297,0.2425365447998047
253,6,253,0.2731282711029053
45,0,45,0.3195483684539795
130,9,130,0.2436816692352295
420,6,420,0.23102116584777832
57,2,57,0.20903515815734863
553,9,553,0.240037202835083
85,10,85,0.367542028427124
125,6,125,0.25920581817626953
240,14,240,0.22858762741088867
77,6,77,0.22554492950439453
85,6,85,0.2610323429107666
108,1,108,0.21529126167297363
533,17,533,0.2152116298675537
430,15,430,0.30055999755859375
183,10,183,0.211029052734375
63,3,63,0.20802569389343262
52,4,52,0.19057178497314453
710,15,710,0.315537691116333
1224,13,1224,0.3156290054321289
195,2,195,0.1715106964111328
265,8,265,0.16631531715393066
421,16,421,0.2075660228729248
104,5,104,0.2160325050354004
503,16,503,0.23253893852233887
90,0,90,0.18002629280090332
271,20,271,0.28954315185546875
160,5,160,0.1735217571258545
414,13,414,0.25928425788879395
75,10,75,0.22503161430358887
420,12,420,0.22654461860656738
742,13,742,0.2713279724121094
390,9,390,0.19054889678955078
545,16,545,0.3097522258758545
1804,9,1804,0.30655813217163086
626,17,626,0.32024359703063965
444,9,444,0.20459198951721191
96,5,96,0.11850929260253906
482,12,482,0.2335507869720459
544,10,544,0.2120063304901123
1195,15,1195,0.2906522750854492
245,17,245,0.2100071907043457
251,1,251,0.20966053009033203
78,1,78,0.21011734008789062
148,16,148,0.21754193305969238
296,16,296,0.17751741409301758
37,1,37,0.20953774452209473
391,9,391,0.2955362796783447
1325,9,1325,0.255812406539917
175,3,175,0.23716068267822266
209,8,209,0.20902562141418457
262,2,262,0.21658086776733398
71,6,71,0.19803071022033691
250,3,250,0.2040259838104248
367,4,367,0.29154491424560547
159,5,159,0.18657350540161133
139,6,139,0.2635481357574463
46,3,46,0.27825498580932617
228,1,228,0.3682544231414795
323,3,323,0.21053433418273926
178,14,178,0.1512157917022705
124,5,124,0.22478914260864258
85,1,85,0.17751502990722656
1345,5,1345,0.28853321075439453
144,9,144,0.17602825164794922
677,10,677,0.18698573112487793
96,14,96,0.24403071403503418
388,4,388,0.3168482780456543
839,5,839,0.22003173828125
554,11,554,0.2655510902404785
147,6,147,0.33854222297668457
980,24,980,0.3296630382537842
1111,26,1111,0.4000582695007324
204,8,204,0.1785132884979248
454,7,454,0.3054769039154053
231,19,231,0.23357939720153809
178,8,178,0.22902894020080566
207,4,207,0.355060338973999
428,12,428,0.17903661727905273
393,15,393,0.25001955032348633
702,4,702,0.1330270767211914
90,24,90,0.1575150489807129
199,5,199,0.391049861907959
432,7,432,0.23420000076293945
314,11,314,0.2615668773651123
1034,17,1034,0.3197765350341797
354,10,354,0.22202825546264648
237,6,237,0.269406795501709
278,9,278,0.2650265693664551
687,5,687,0.19251656532287598
531,8,531,0.17252016067504883
544,2,544,0.24759984016418457
487,26,487,0.2726423740386963
59,1,59,0.25002503395080566
416,20,416,0.2805359363555908
402,6,402,0.17702460289001465
831,5,831,0.1667025089263916
470,6,470,0.2710244655609131
68,17,68,0.17402243614196777
446,18,446,0.395061731338501
1028,12,1028,0.29845285415649414
552,20,552,0.2595534324645996
521,10,521,0.18154335021972656
1217,8,1217,0.2610335350036621
681,10,681,0.19593048095703125
269,11,269,0.13102507591247559
1121,27,1121,0.2630302906036377
44,8,44,0.25702667236328125
70,5,70,0.22603511810302734
395,12,395,0.23516345024108887
796,8,796,0.2590813636779785
298,9,298,0.24102377891540527
354,19,354,0.2825329303741455
554,5,554,0.2595376968383789
122,11,122,0.21954131126403809
736,24,736,0.2080245018005371
358,8,358,0.25853753089904785
122,12,122,0.1890256404876709
1353,12,1353,0.24526524543762207
281,7,281,0.13205504417419434
265,3,265,0.23203468322753906
169,5,169,0.27353787422180176
252,6,252,0.21494102478027344
31,1,31,0.36106419563293457
175,19,175,0.18651556968688965
826,35,826,0.3365323543548584
690,13,690,0.28974056243896484
58,5,58,0.22716498374938965
192,3,192,0.24753189086914062
295,18,295,0.25803089141845703
271,6,271,0.2155306339263916
270,14,270,0.2720327377319336
58,1,58,0.2745342254638672
917,10,917,0.30153560638427734
299,8,299,0.2922852039337158
1371,15,1371,0.29291462898254395
472,21,472,0.19203448295593262
335,6,335,0.35328221321105957
828,16,828,0.28755688667297363
149,6,149,0.24602961540222168
232,9,232,0.22254610061645508
115,2,115,0.19063186645507812
351,11,351,0.28203701972961426
294,10,294,0.1745471954345703
211,17,211,0.34305787086486816
158,4,158,0.3035430908203125
258,21,258,0.30753564834594727
261,16,261,0.2865257263183594
403,10,403,0.30654263496398926
748,14,748,0.23702645301818848
411,10,411,0.4169585704803467
199,12,199,0.21703386306762695
1673,12,1673,0.25853824615478516
108,2,108,0.15150904655456543
65,3,65,0.2385425567626953
605,12,605,0.19802641868591309
200,10,200,0.21101880073547363
305,4,305,0.18503260612487793
67,1,67,0.3495476245880127
91,1,91,0.14423751831054688
95,11,95,0.16810131072998047
139,11,139,0.1745162010192871
114,8,114,0.16402769088745117
695,21,695,0.24053740501403809
714,28,714,0.4460716247558594
363,8,363,0.19103384017944336
393,10,393,0.2215580940246582
123,3,123,0.24654150009155273
922,25,922,0.2340226173400879
140,7,140,0.1799604892730713
107,2,107,0.2895338535308838
606,16,606,0.2664811611175537
180,4,180,0.19803094863891602
198,16,198,0.2848372459411621
296,8,296,0.25203585624694824
92,4,92,0.19782733917236328
108,7,108,0.17803049087524414
145,2,145,0.23276138305664062
404,14,404,0.27387261390686035
147,5,147,0.21553850173950195
864,13,864,0.27335619926452637
150,13,150,0.24353885650634766
317,4,317,0.2585489749908447
410,11,410,0.2210254669189453
322,2,322,0.16522765159606934
48,8,48,0.2520432472229004
1217,11,1217,0.22867703437805176
1291,2,1291,0.1926891803741455
246,13,246,0.19876861572265625
299,16,299,0.18752074241638184
160,9,160,0.20209503173828125
1538,12,1538,0.324537992477417
45,4,45,0.22102761268615723
586,27,586,0.3185298442840576
499,17,499,0.19553875923156738
858,14,858,0.4353163242340088
923,16,923,0.22257089614868164
859,15,859,0.2785303592681885
250,4,250,0.25153422355651855
1776,10,1776,0.34419727325439453
406,13,406,0.23002934455871582
386,13,386,0.20155072212219238
642,10,642,0.16750884056091309
497,7,497,0.20203232765197754
42,3,42,0.13966870307922363
460,4,460,0.21616506576538086
913,9,913,0.20002436637878418
1061,5,1061,0.31454014778137207
370,26,370,0.1950221061706543
588,22,588,0.24953126907348633
171,14,171,0.13850951194763184
304,17,304,0.13659214973449707
684,22,684,0.2210216522216797
718,3,718,0.22503185272216797
65,9,65,0.21924400329589844
269,16,269,0.23520112037658691
1192,24,1192,0.23303008079528809
280,5,280,0.23554015159606934
258,3,258,0.18078994750976562
262,6,262,0.18902802467346191
700,16,700,0.3231475353240967
192,8,192,0.21803069114685059
62,12,62,0.20601892471313477
142,5,142,0.14983272552490234
54,2,54,0.17206358909606934
349,15,349,0.26111531257629395
156,7,156,0.24353742599487305
366,6,366,0.16801929473876953
844,10,844,0.1960301399230957
626,7,626,0.1860201358795166
305,8,305,0.20606184005737305
554,10,554,0.2380368709564209
1470,14,1470,0.27555227279663086
677,10,677,0.2681417465209961
257,3,257,0.3617818355560303
209,3,209,0.169022798538208
786,12,786,0.23203587532043457
250,11,250,0.35453248023986816
407,14,407,0.1760261058807373
114,14,114,0.22903037071228027
262,14,262,0.2170271873474121
314,8,314,0.1705169677734375
257,12,257,0.21272897720336914
403,4,403,0.22230315208435059
196,8,196,0.2291736602783203
53,3,53,0.2415447235107422
1325,19,1325,0.25002312660217285
339,3,339,0.2575376033782959
348,16,348,0.20702838897705078
219,14,219,0.3770592212677002
342,10,342,0.18602705001831055
979,14,979,0.20058250427246094
120,5,120,0.23209428787231445
282,12,282,0.28453683853149414
508,3,508,0.1770308017730713
1370,21,1370,0.314436674118042
161,5,161,0.23154568672180176
585,10,585,0.24702191352844238
651,15,651,0.24754619598388672
182,2,182,0.27703046798706055
1390,8,1390,0.2777879238128662
649,7,649,0.37305712699890137
181,21,181,0.21703553199768066
617,15,617,0.3760495185852051
575,9,575,0.3715858459472656
136,2,136,0.23603343963623047
790,7,790,0.21180248260498047
516,10,516,0.24679350852966309
251,6,251,0.3520522117614746
227,6,227,0.18252325057983398
318,6,318,0.23802566528320312
45,0,45,0.2230212688446045
123,12,123,0.3330557346343994
589,10,589,0.21802735328674316
567,13,567,0.28453731536865234
479,10,479,0.19695305824279785
489,11,489,0.2071239948272705
336,5,336,0.29654860496520996
68,7,68,0.2865326404571533
170,19,170,0.2040257453918457
500,15,500,0.21901679039001465
92,3,92,0.1540215015411377
304,10,304,0.2775442600250244
477,27,477,0.26803088188171387
352,10,352,0.16489076614379883
46,0,46,0.20509076118469238
1266,21,1266,0.22754955291748047
903,21,903,0.21502971649169922
98,2,98,0.17401719093322754
77,7,77,0.18551397323608398
330,5,330,0.1990351676940918
463,11,463,0.2830324172973633
138,5,138,0.18202710151672363
151,4,151,0.2245347499847412
110,2,110,0.21175169944763184
423,23,423,0.2577400207519531
536,11,536,0.24303436279296875
461,14,461,0.3365471363067627
56,6,56,0.15103602409362793
239,7,239,0.3445467948913574
300,1,300,0.19551801681518555
117,1,117,0.22502756118774414
71,7,71,0.2070305347442627
416,9,416,0.33261656761169434
139,12,139,0.23352479934692383
190,9,190,0.256028413772583
433,10,433,0.16401982307434082
59,10,59,0.4335896968841553
954,9,954,0.2929506301879883
377,7,377,0.15952181816101074
119,5,119,0.16302204132080078
59,1,59,0.21703147888183594
221,10,221,0.2472381591796875
815,8,815,0.3950474262237549
182,9,182,0.19101834297180176
395,13,395,0.2885415554046631
259,14,259,0.23502779006958008
124,7,124,0.18901896476745605
408,11,408,0.16402888298034668
214,3,214,0.15950655937194824
41,3,41,0.24408173561096191
260,6,260,0.16978669166564941
333,11,333,0.18651604652404785
132,10,132,0.17651748657226562
1067,14,1067,0.2894766330718994
241,5,241,0.1580207347869873
809,17,809,0.3135335445404053
251,17,251,0.3202478885650635
1589,12,1589,0.25453853607177734
230,8,230,0.24256682395935059
127,6,127,0.2206401824951172
591,12,591,0.12651371955871582
752,15,752,0.1750187873840332
31,0,31,0.28153538703918457
564,9,564,0.20302343368530273
256,10,256,0.21003127098083496
118,1,118,0.26154255867004395
403,11,403,0.20302486419677734
113,7,113,0.21102595329284668
309,7,309,0.23403024673461914
734,13,734,0.13331818580627441
370,5,370,0.19159674644470215
724,5,724,0.1970202922821045
542,13,542,0.2785365581512451
460,13,460,0.16051506996154785
748,9,748,0.24854397773742676
494,15,494,0.23802924156188965
331,12,331,0.24652671813964844
84,4,84,0.2300252914428711
1050,5,1050,0.19603347778320312
150,0,150,0.26677560806274414
1066,17,1066,0.33054113388061523
371,2,371,0.16602706909179688
75,2,75,0.19802427291870117
1096,10,1096,0.20702075958251953
270,8,270,0.2815365791320801
527,11,527,0.19601941108703613
197,7,197,0.2250230312347412
686,8,686,0.2522904872894287
173,13,173,0.25023722648620605
109,6,109,0.18951821327209473
66,0,66,0.1715087890625
136,13,136,0.2365415096282959
413,2,413,0.2190389633178711
131,3,131,0.20502758026123047
534,5,534,0.19002699851989746
279,10,279,0.18402957916259766
237,3,237,0.2815518379211426
508,7,508,0.22286033630371094
269,11,269,0.1961212158203125
398,17,398,0.2845301628112793
290,5,290,0.23302936553955078
60,2,60,0.34054136276245117
124,1,124,0.27553629875183105
333,11,333,0.138108491897583
345,16,345,0.25353384017944336
227,9,227,0.19801926612854004
615,4,615,0.24528908729553223
346,14,346,0.16855907440185547
317,4,317,0.17403030395507812
187,8,187,0.26853346824645996
87,5,87,0.2290186882019043
471,17,471,0.2525351047515869
143,4,143,0.1785111427307129
320,28,320,0.1770181655883789
618,3,618,0.1720294952392578
194,10,194,0.2655324935913086
99,17,99,0.26990842819213867
60,6,60,0.3405306339263916
293,8,293,0.18802118301391602
124,2,124,0.2235727310180664
639,15,639,0.2805449962615967
137,1,137,0.14502596855163574
356,8,356,0.24501919746398926
358,21,358,0.2553224563598633
363,13,363,0.14751720428466797
430,7,430,0.2301476001739502
428,16,428,0.15506196022033691
130,1,130,0.1950218677520752
65,4,65,0.21503067016601562
77,1,77,0.20702457427978516
100,7,100,0.2340238094329834
65,5,65,0.21202349662780762
120,9,120,0.1685795783996582
83,8,83,0.1980273723602295
140,2,140,0.2695486545562744
33,1,33,0.1829357147216797
310,8,310,0.3356664180755615
363,7,363,0.24045681953430176
775,24,775,0.19703054428100586
470,9,470,0.2827887535095215
46,2,46,0.23702478408813477
504,8,504,0.1375114917755127
372,6,372,0.25353193283081055
453,9,453,0.18002009391784668
112,6,112,0.26891136169433594
219,12,219,0.25409936904907227
1065,17,1065,0.2425367832183838
223,8,223,0.292539119720459
586,11,586,0.2695353031158447
76,3,76,0.21453261375427246
532,6,532,0.29653429985046387
308,3,308,0.15845990180969238
222,1,222,0.12502813339233398
114,5,114,0.2634165287017822
367,15,367,0.33066296577453613
254,18,254,0.23901700973510742
550,8,550,0.2445378303527832
76,12,76,0.28653478622436523
465,8,465,0.17950701713562012
442,5,442,0.34096574783325195
249,5,249,0.2560615539550781
649,27,649,0.3292670249938965
170,14,170,0.2095625400543213
233,6,233,0.24055147171020508
575,16,575,0.5325589179992676
495,21,495,0.20302367210388184
357,7,357,0.2545344829559326
342,15,342,0.1475086212158203
1917,9,1917,0.3515901565551758
36,1,36,0.17946720123291016
627,3,627,0.17810511589050293
822,12,822,0.3280508518218994
345,2,345,0.2765514850616455
196,7,196,0.16828656196594238
372,6,372,0.20202255249023438
224,5,224,0.17501449584960938
1217,8,1217,0.3290555477142334
244,4,244,0.23102235794067383
127,5,127,0.260326623916626
527,13,527,0.2585868835449219
463,26,463,0.3190460205078125
406,13,406,0.1625051498413086
260,22,260,0.1690213680267334
1929,26,1929,0.22888445854187012
294,6,294,0.19055390357971191
350,7,350,0.20702600479125977
467,5,467,0.2515442371368408
376,8,376,0.18804121017456055
66,7,66,0.16446304321289062
148,6,148,0.2529027462005615
110,6,110,0.23553729057312012
222,12,222,0.22002601623535156
169,1,169,0.21603894233703613
257,5,257,0.2405385971069336
473,12,473,0.1635143756866455
267,13,267,0.21503663063049316
111,4,111,0.19602537155151367
388,3,388,0.23990631103515625
327,18,327,0.28714752197265625
770,10,770,0.3265409469604492
413,5,413,0.14661097526550293
634,11,634,0.2405245304107666
125,3,125,0.1610262393951416
347,12,347,0.2240276336669922
199,8,199,0.2395343780517578
320,9,320,0.15304899215698242
104,3,104,0.11452841758728027
112,7,112,0.20002245903015137
106,8,106,0.29374027252197266
167,11,167,0.26402807235717773
744,13,744,0.18854427337646484
1252,2,1252,0.3270564079284668
55,5,55,0.24669647216796875
773,14,773,0.1668989658355713
116,10,116,0.1620347499847412
445,13,445,0.2985522747039795
261,5,261,0.17734789848327637
242,6,242,0.2637791633605957
344,13,344,0.2461099624633789
817,7,817,0.19069218635559082
179,8,179,0.14602088928222656
286,8,286,0.24654722213745117
113,8,113,0.2961091995239258
261,12,261,0.17351293563842773
668,8,668,0.1625194549560547
1106,23,1106,0.3506157398223877
225,11,225,0.25580883026123047
105,9,105,0.2395479679107666
351,5,351,0.38906168937683105
317,4,317,0.2520151138305664
112,6,112,0.17603063583374023
2209,5,2209,0.29053163528442383
55,2,55,0.17187237739562988
486,15,486,0.19302701950073242
320,6,320,0.2098090648651123
150,2,150,0.1557769775390625
325,21,325,0.1925513744354248
445,11,445,0.268568754196167
354,6,354,0.22553420066833496
410,10,410,0.20454192161560059
218,12,218,0.3505442142486572
1809,20,1809,0.3927929401397705
238,1,238,0.1640162467956543
852,14,852,0.166337251663208
51,1,51,0.23714661598205566
422,16,422,0.24254822731018066
353,15,353,0.2695181369781494
459,7,459,0.30109643936157227
358,9,358,0.20354270935058594
246,11,246,0.2990739345550537
166,4,166,0.21363520622253418
125,7,125,0.21404314041137695
331,10,331,0.1969928741455078
540,13,540,0.18719148635864258
1228,19,1228,0.1510303020477295
108,0,108,0.3054511547088623
786,7,786,0.3015449047088623
276,14,276,0.24902772903442383
639,11,639,0.1980278491973877
133,9,133,0.20001983642578125
66,8,66,0.19102215766906738
378,20,378,0.24584579467773438
203,11,203,0.3330702781677246
237,4,237,0.2430262565612793
139,9,139,0.2855560779571533
81,1,81,0.2060246467590332
262,13,262,0.2535400390625
63,5,63,0.2290329933166504
506,13,506,0.27953124046325684
555,14,555,0.2410271167755127
348,7,348,0.2035233974456787
187,20,187,0.19402217864990234
141,11,141,0.3360567092895508
204,5,204,0.1335155963897705
151,7,151,0.14402389526367188
684,12,684,0.22102975845336914
114,18,114,0.2370319366455078
245,15,245,0.27777099609375
614,15,614,0.1700294017791748
627,15,627,0.21202540397644043
2299,14,2299,0.3595864772796631
195,7,195,0.21303319931030273
273,8,273,0.18802571296691895
429,7,429,0.24938464164733887
175,5,175,0.1295177936553955
460,9,460,0.2080240249633789
692,17,692,0.3163337707519531
735,12,735,0.2395336627960205
399,13,399,0.2650914192199707
385,10,385,0.21817660331726074
117,7,117,0.21803045272827148
861,17,861,0.36605215072631836
107,9,107,0.20502376556396484
568,6,568,0.2745497226715088
224,15,224,0.2170262336730957
835,21,835,0.3182368278503418
187,12,187,0.3592350482940674
579,9,579,0.16107463836669922
966,6,966,0.24202942848205566
723,7,723,0.23802495002746582
156,2,156,0.2205512523651123
335,3,335,0.19202470779418945
755,9,755,0.2050187587738037
329,23,329,0.18402385711669922
1357,7,1357,0.2660231590270996
925,8,925,0.3100550174713135
248,4,248,0.2054455280303955
134,7,134,0.2881736755371094
306,14,306,0.18602800369262695
750,19,750,0.21101903915405273
662,12,662,0.3035411834716797
262,1,262,0.2190234661102295
427,10,427,0.21802616119384766
418,16,418,0.26607322692871094
237,17,237,0.2070307731628418
1787,13,1787,0.2014760971069336
104,0,104,0.17202258110046387
392,9,392,0.14702248573303223
141,11,141,0.16250967979431152
1079,12,1079,0.267535924911499
520,4,520,0.2420346736907959
800,7,800,0.24002671241760254
82,7,82,0.1770317554473877
172,8,172,0.16234707832336426
289,17,289,0.2365407943725586
171,3,171,0.23070383071899414
276,15,276,0.1685640811920166
289,2,289,0.2110285758972168
139,5,139,0.1990218162536621
75,7,75,0.23636841773986816
36,1,36,0.1485157012939453
277,13,277,0.2675354480743408
591,9,591,0.26726770401000977
266,10,266,0.346538782119751
200,7,200,0.28126096725463867
448,11,448,0.18054485321044922
67,7,67,0.24203252792358398
1084,22,1084,0.30804896354675293
48,3,48,0.19088387489318848
242,4,242,0.19701862335205078
75,9,75,0.21902155876159668
112,11,112,0.2365565299987793
477,17,477,0.321030855178833
229,2,229,0.25690460205078125
484,23,484,0.18503689765930176
1378,11,1378,0.28854942321777344
325,6,325,0.2690701484680176
547,21,547,0.17256593704223633
67,2,67,0.19101381301879883
970,17,970,0.25902509689331055
355,11,355,0.24930810928344727
240,12,240,0.23802971839904785
349,18,349,0.2900428771972656
286,14,286,0.27907323837280273
667,3,667,0.14701485633850098
65,2,65,0.22503066062927246
191,14,191,0.23702239990234375
154,8,154,0.1625833511352539
108,11,108,0.18369698524475098
174,7,174,0.22603702545166016
136,4,136,0.21103167533874512
553,8,553,0.17203402519226074
181,5,181,0.2403576374053955
481,11,481,0.2017056941986084
128,10,128,0.30460166931152344
531,14,531,0.4731004238128662
203,19,203,0.148054838180542
1266,15,1266,0.2870819568634033
170,3,170,0.29909253120422363
325,3,325,0.22060775756835938
111,3,111,0.21519231796264648
164,8,164,0.1900327205657959
195,11,195,0.2150259017944336
153,6,153,0.12450981140136719
1835,17,1835,0.38506436347961426
887,2,887,0.17503666877746582
169,5,169,0.18103599548339844
644,8,644,0.14203381538391113
501,11,501,0.24294519424438477
250,6,250,0.1830284595489502
660,5,660,0.21890616416931152
241,15,241,0.2190229892730713
236,21,236,0.2341012954711914
280,14,280,0.26802945137023926
2259,7,2259,0.37357044219970703
291,3,291,0.3225364685058594
111,13,111,0.18401455879211426
498,10,498,0.17202496528625488
33,3,33,0.2892735004425049
502,11,502,0.16458559036254883
46,2,46,0.17251992225646973
183,12,183,0.14751529693603516
70,7,70,0.2605311870574951
549,13,549,0.20557332038879395
500,7,500,0.2825438976287842
697,15,697,0.2710306644439697
1322,10,1322,0.26966023445129395
122,6,122,0.2020261287689209
178,4,178,0.1640150547027588
178,2,178,0.15503382682800293
119,4,119,0.12550687789916992
707,14,707,0.23103690147399902
724,15,724,0.2811248302459717
163,7,163,0.13503146171569824
274,9,274,0.25502562522888184
481,27,481,0.3210570812225342
210,12,210,0.2580256462097168
534,10,534,0.24829339981079102
80,9,80,0.17212533950805664
178,16,178,0.16350245475769043
1594,6,1594,0.24454140663146973
271,10,271,0.24354982376098633
509,21,509,0.24853110313415527
353,9,353,0.2190239429473877
188,5,188,0.2775402069091797
222,1,222,0.3126678466796875
171,10,171,0.2909245491027832
410,5,410,0.24615883827209473
99,0,99,0.25401902198791504
136,15,136,0.221038818359375
162,7,162,0.179032564163208
713,7,713,0.25441527366638184
285,15,285,0.22902822494506836
356,14,356,0.15202713012695312
520,14,520,0.30155396461486816
577,18,577,0.25915074348449707
336,12,336,0.3209998607635498
959,8,959,0.3390934467315674
147,2,147,0.29653072357177734
330,5,330,0.2335360050201416
686,12,686,0.32553577423095703
176,7,176,0.12352180480957031
315,6,315,0.19803953170776367
683,24,683,0.2416856288909912
1189,15,1189,0.31425952911376953
752,19,752,0.25455474853515625
406,16,406,0.1690196990966797
269,18,269,0.13306474685668945
719,18,719,0.29753923416137695
167,6,167,0.2905282974243164
245,4,245,0.2250370979309082
138,2,138,0.21102094650268555
253,5,253,0.36930060386657715
99,1,99,0.14696049690246582
194,1,194,0.2003180980682373
84,1,84,0.26602768898010254
81,5,81,0.166520357131958
217,3,217,0.21402788162231445
413,6,413,0.25954103469848633
708,11,708,0.2855381965637207
325,9,325,0.23802971839904785
180,8,180,0.22445178031921387
659,9,659,0.24109435081481934
664,6,664,0.2120373249053955
628,7,628,0.2045269012451172
526,5,526,0.1950371265411377
120,1,120,0.3145475387573242
191,14,191,0.23703694343566895
996,2,996,0.23954415321350098
335,9,335,0.2060248851776123
285,6,285,0.15651154518127441
67,4,67,0.2776942253112793
210,10,210,0.1910257339477539
164,5,164,0.21002769470214844
228,16,228,0.3140554428100586
871,17,871,0.34353113174438477
437,7,437,0.26354074478149414
296,5,296,0.23502469062805176
551,3,551,0.21204161643981934
661,6,661,0.20980501174926758
811,13,811,0.24716448783874512
51,0,51,0.27210259437561035
340,18,340,0.324099063873291
113,5,113,0.22303390502929688
533,16,533,0.27159547805786133
37,1,37,0.23163676261901855
420,12,420,0.17252349853515625
126,13,126,0.3195188045501709
842,21,842,0.37173891067504883
174,6,174,0.22803473472595215
407,5,407,0.2190415859222412
903,18,903,0.20302486419677734
81,7,81,0.17902112007141113
204,10,204,0.16440391540527344
154,5,154,0.18713021278381348
579,13,579,0.24857735633850098
568,3,568,0.17991185188293457
797,15,797,0.23654627799987793
109,2,109,0.23103690147399902
86,11,86,0.20502829551696777
329,17,329,0.29254770278930664
730,3,730,0.19284319877624512
49,4,49,0.30475640296936035
275,10,275,0.23507475852966309
104,9,104,0.311556339263916
75,3,75,0.18503928184509277
118,0,118,0.190765380859375
183,6,183,0.23901891708374023
913,12,913,0.2785520553588867
465,14,465,0.2130272388458252
44,4,44,0.23206353187561035
94,9,94,0.17351150512695312
244,5,244,0.16202068328857422
198,5,198,0.2260303497314453
172,5,172,0.2540857791900635
608,13,608,0.23543047904968262
793,26,793,0.24119138717651367
342,17,342,0.25603652000427246
37,0,37,0.20903325080871582
94,5,94,0.32555532455444336
681,15,681,0.30754995346069336
379,8,379,0.18903017044067383
181,11,181,0.2535536289215088
106,10,106,0.3376789093017578
44,6,44,0.19411206245422363
1002,5,1002,0.20002532005310059
634,5,634,0.21402621269226074
501,2,501,0.17302155494689941
848,8,848,0.2671844959259033
713,13,713,0.2065412998199463
187,6,187,0.24253296852111816
379,6,379,0.23371291160583496
152,4,152,0.26954102516174316
910,14,910,0.22997665405273438
512,13,512,0.133195161819458
216,12,216,0.2974395751953125
324,21,324,0.21403026580810547
946,14,946,0.3065524101257324
142,2,142,0.2150411605834961
536,8,536,0.22803258895874023
1545,17,1545,0.29434752464294434
304,20,304,0.24821805953979492
393,18,393,0.24348926544189453
103,24,103,0.17251324653625488
703,13,703,0.2160344123840332
378,3,378,0.22203373908996582
375,13,375,0.12651419639587402
96,9,96,0.2700643539428711
691,19,691,0.19402527809143066
242,11,242,0.35454654693603516
204,12,204,0.30165696144104004
290,9,290,0.17527079582214355
74,6,74,0.32205867767333984
74,7,74,0.1635122299194336
158,4,158,0.1890246868133545
98,4,98,0.20262956619262695
387,13,387,0.26753759384155273
262,7,262,0.311535120010376
118,14,118,0.19402289390563965
299,12,299,0.2165369987487793
407,2,407,0.2848494052886963
252,2,252,0.4099431037902832
833,19,833,0.2000422477722168
165,8,165,0.1735072135925293
63,7,63,0.3535454273223877
634,2,634,0.27755069732666016
459,7,459,0.19601202011108398
850,23,850,0.29898834228515625
78,0,78,0.21178746223449707
308,9,308,0.17302727699279785
437,6,437,0.19803380966186523
210,8,210,0.20002985000610352
305,7,305,0.16302800178527832
259,9,259,0.2550384998321533
229,11,229,0.1661219596862793
75,4,75,0.22403168678283691
943,22,943,0.3330540657043457
32,3,32,0.22751259803771973
176,4,176,0.21512794494628906
475,7,475,0.20853352546691895
587,10,587,0.21002578735351562
232,2,232,0.22802495956420898
284,10,284,0.13451242446899414
489,3,489,0.24819588661193848
152,5,152,0.17904210090637207
686,11,686,0.1640329360961914
55,6,55,0.22601675987243652
136,2,136,0.19303488731384277
242,2,242,0.15982890129089355
392,16,392,0.260570764541626
67,11,67,0.18402314186096191
333,10,333,0.25161266326904297
271,5,271,0.2345716953277588
179,10,179,0.19303560256958008
236,10,236,0.20476794242858887
211,21,211,0.16903328895568848
179,13,179,0.13653063774108887
941,18,941,0.2725343704223633
373,7,373,0.17891263961791992
57,1,57,0.31762266159057617
426,15,426,0.326981782913208
860,16,860,0.3675415515899658
144,4,144,0.2571065425872803
181,4,181,0.27109718322753906
373,8,373,0.1952509880065918
422,5,422,0.22802519798278809
172,5,172,0.20393633842468262
307,11,307,0.21958518028259277
267,3,267,0.20002388954162598
871,4,871,0.21502280235290527
187,9,187,0.23701763153076172
423,11,423,0.2790801525115967
839,4,839,0.19802236557006836
1253,14,1253,0.24853038787841797
471,12,471,0.24979948997497559
394,9,394,0.23797821998596191
266,7,266,0.1981368064880371
114,4,114,0.2820470333099365
1328,14,1328,0.3180811405181885
58,12,58,0.450070858001709
784,21,784,0.3065462112426758
501,8,501,0.20783138275146484
1800,6,1800,0.22864413261413574
1181,8,1181,0.2822074890136719
114,1,114,0.4059321880340576
255,5,255,0.3880486488342285
240,13,240,0.18002700805664062
114,4,114,0.14050793647766113
197,10,197,0.23055028915405273
107,6,107,0.1930406093597412
45,0,45,0.17033767700195312
224,5,224,0.19303464889526367
441,15,441,0.20388484001159668
511,11,511,0.29953765869140625
615,4,615,0.22302770614624023
309,9,309,0.2855374813079834
592,18,592,0.31154870986938477
52,0,52,0.14708590507507324
197,10,197,0.24203109741210938
112,5,112,0.15203452110290527
199,15,199,0.2530210018157959
124,2,124,0.18309283256530762
917,11,917,0.19956111907958984
323,8,323,0.20402884483337402
489,23,489,0.2515413761138916
553,8,553,0.2110302448272705
616,17,616,0.23668766021728516
235,5,235,0.34305691719055176
477,10,477,0.2925443649291992
385,7,385,0.22291231155395508
429,10,429,0.22075223922729492
401,15,401,0.3276371955871582
886,6,886,0.2516820430755615
212,5,212,0.23564720153808594
427,18,427,0.3135509490966797
556,18,556,0.20211291313171387
372,7,372,0.1620311737060547
404,23,404,0.29654479026794434
153,12,153,0.17014169692993164
332,15,332,0.258573055267334
101,6,101,0.18503546714782715
72,1,72,0.30654120445251465
43,9,43,0.17903351783752441
248,7,248,0.21302437782287598
117,2,117,0.1600189208984375
621,20,621,0.2865421772003174
687,21,687,0.30327796936035156
57,1,57,0.16785049438476562
531,7,531,0.1515946388244629
102,12,102,0.1830301284790039
338,7,338,0.2531578540802002
182,9,182,0.33654069900512695
1338,11,1338,0.23229050636291504
88,0,88,0.293536901473999
316,6,316,0.29154109954833984
481,7,481,0.12351155281066895
159,12,159,0.21102118492126465
177,15,177,0.13654303550720215
48,0,48,0.20002460479736328
341,6,341,0.1805124282836914
330,7,330,0.23254084587097168
312,14,312,0.17503619194030762
150,4,150,0.1640779972076416
397,5,397,0.2800781726837158
97,4,97,0.1790158748626709
1076,17,1076,0.30453920364379883
